# stid, ec-ncep cov
50136   0.8079
50137   0.8595
50246   0.7964
50247   0.8550
50349   0.8343
50353   0.8002
50425   0.7770
50431   0.7492
50434   0.8503
50442   0.7946
50445   0.7747
50468   0.7154
50514   0.8106
50524   0.7592
50525   0.5297
50526   0.7775
50527   0.5279
50548   0.8117
50557   0.7010
50564   0.5843
50566   0.6544
50603   0.7007
50618   0.5829
50632   0.7870
50639   0.7667
50645   0.6724
50646   0.5369
50647   0.5211
50655   0.7959
50656   0.6370
50658   0.4564
50659   0.3839
50673   0.7919
50674   0.8412
50727   0.8385
50739   0.5686
50741   0.5368
50742   0.4304
50745   0.5254
50749   0.6140
50750   0.4411
50755   0.5784
50756   0.6510
50758   0.5997
50767   0.6387
50772   0.7429
50774   0.7044
50775   0.7240
50776   0.6730
50778   0.4205
50779   0.6927
50787   0.6317
50788   0.4677
50832   0.8524
50833   0.6644
50834   0.8202
50838   0.6485
50842   0.6140
50844   0.6933
50850   0.5428
50851   0.5942
50852   0.5512
50853   0.2757
50854   0.5992
50858   0.6759
50859   0.6590
50861   0.7532
50862   0.5538
50867   0.5520
50871   0.4903
50873   0.7158
50877   0.5334
50878   0.6024
50879   0.4262
50880   0.6675
50884   0.5591
50888   0.6059
50892   0.6531
50913   0.6643
50915   0.5504
50924   0.6335
50928   0.8145
50934   0.6280
50936   0.5075
50937   0.6152
50939   0.5707
50940   0.5477
50945   0.5495
50946   0.5843
50948   0.5466
50949   0.6727
50950   0.6239
50953   0.4798
50954   0.5541
50955   0.5761
50956   0.5146
50958   0.5790
50960   0.6729
50962   0.7858
50963   0.4958
50964   0.4153
50965   0.7594
50968   0.6119
50971   0.7911
50973   0.4624
50978   0.3731
50979   0.6931
50983   0.3879
50985   0.4473
50987   0.4965
51053   0.5258
51058   0.7043
51059   0.5390
51060   0.7943
51068   0.6591
51076   0.6832
51087   0.7440
51133   0.5727
51137   0.6523
51145   0.6161
51156   0.5476
51186   0.8824
51232   0.6890
51238   0.7681
51241   0.7588
51243   0.6643
51288   0.5782
51328   0.6498
51329   0.6673
51330   0.8082
51334   0.6901
51346   0.7357
51352   0.6613
51353   0.6489
51356   0.8031
51357   0.6768
51358   0.8007
51359   0.7310
51365   0.7664
51367   0.7818
51368   0.7829
51369   0.5577
51377   0.7977
51378   0.6646
51379   0.7422
51430   0.7122
51431   0.7127
51433   0.7689
51434   0.6849
51435   0.7775
51436   0.3891
51437   0.5872
51438   0.5280
51463   0.7223
51465   0.3793
51467   0.7778
51468   0.4872
51469   0.5588
51470   0.5275
51477   0.8748
51482   0.6429
51495   0.5585
51526   0.8228
51542   0.9199
51559   0.7970
51567   0.7496
51568   0.8128
51571   0.6908
51572   0.7264
51573   0.5260
51581   0.4663
51627   0.8474
51628   0.7330
51629   0.7544
51633   0.8442
51636   0.7330
51639   0.7393
51642   0.6724
51644   0.8136
51655   0.7295
51656   0.7906
51701   0.7532
51704   0.8244
51705   0.7407
51707   0.7162
51708   0.7345
51709   0.7271
51711   0.7902
51716   0.7070
51717   0.6276
51720   0.7232
51722   0.6736
51730   0.6823
51747   0.8422
51765   0.7046
51777   0.8408
51802   0.6261
51804   0.8209
51810   0.6423
51811   0.5827
51814   0.4989
51815   0.5243
51818   0.6500
51826   0.7456
51827   0.8280
51828   0.6045
51829   0.6431
51839   0.7573
51855   0.7225
51886   0.7445
51931   0.6131
52101   0.8507
52112   0.4541
52118   0.6708
52203   0.7195
52267   0.2002
52313   0.5817
52323   0.6055
52418   0.8143
52424   0.5946
52436   0.7685
52446   0.6241
52447   0.6248
52495   0.7824
52515   0.8322
52533   0.6393
52546   0.7869
52557   0.7263
52575   0.7388
52576   0.7050
52602   0.6906
52607   0.7541
52633   0.7724
52643   0.6931
52645   0.7466
52652   0.7670
52656   0.5247
52657   0.7245
52661   0.6627
52674   0.7872
52679   0.6823
52681   0.5469
52707   0.7852
52713   0.8562
52737   0.6272
52745   0.6441
52754   0.5714
52765   0.8078
52784   0.5110
52787   0.6782
52797   0.6241
52818   0.6402
52825   0.5900
52833   0.6613
52836   0.5814
52842   0.7672
52853   0.8782
52855   0.8125
52856   0.7704
52862   0.8436
52863   0.7550
52866   0.5313
52868   0.7954
52869   0.5782
52874   0.7337
52875   0.6852
52876   0.6466
52877   0.7663
52881   0.7673
52884   0.8767
52885   0.6876
52889   0.7537
52895   0.7494
52896   0.7521
52908   0.6212
52943   0.7990
52955   0.7173
52957   0.7092
52963   0.7012
52968   0.7886
52972   0.8168
52974   0.4993
52978   0.7937
52980   0.7769
52981   0.6635
52982   0.8022
52983   0.8316
52984   0.6977
52985   0.8108
52986   0.8617
52988   0.7655
52993   0.8785
52995   0.7728
52996   0.7570
52998   0.7674
53068   0.5900
53083   0.6461
53149   0.6050
53192   0.6176
53195   0.6247
53272   0.6695
53276   0.6752
53289   0.7427
53324   0.7760
53336   0.6852
53337   0.5100
53343   0.6388
53348   0.6897
53352   0.6086
53357   0.6922
53362   0.7793
53367   0.7442
53368   0.6429
53378   0.6824
53384   0.7746
53385   0.7245
53391   0.6601
53392   0.8259
53397   0.8382
53399   0.8048
53419   0.6488
53420   0.5822
53433   0.5616
53446   0.6277
53455   0.6304
53457   0.6223
53463   0.6528
53464   0.7162
53466   0.5364
53467   0.7729
53469   0.7587
53472   0.8729
53475   0.8518
53478   0.8604
53480   0.7223
53481   0.7955
53483   0.6885
53484   0.7543
53486   0.8024
53487   0.8411
53488   0.8528
53490   0.7985
53491   0.7690
53492   0.7149
53498   0.8199
53499   0.6069
53502   0.5922
53505   0.6767
53512   0.7569
53513   0.6366
53517   0.8069
53518   0.8716
53519   0.7365
53522   0.7232
53529   0.7676
53533   0.6795
53543   0.6574
53545   0.6760
53547   0.7587
53553   0.6922
53562   0.8368
53564   0.6670
53565   0.7761
53567   0.7069
53573   0.6996
53574   0.7386
53575   0.7623
53576   0.8001
53577   0.6790
53578   0.8499
53579   0.8819
53580   0.6866
53582   0.8595
53584   0.7627
53585   0.8154
53588   0.7257
53590   0.8787
53593   0.8958
53594   0.8612
53596   0.8006
53599   0.8333
53602   0.6906
53603   0.5701
53610   0.6605
53611   0.6412
53612   0.7293
53614   0.6047
53615   0.6401
53617   0.6692
53618   0.6825
53619   0.8248
53644   0.5724
53646   0.6100
53651   0.6958
53658   0.7887
53659   0.6210
53660   0.7480
53662   0.8560
53663   0.8093
53664   0.6457
53665   0.8663
53666   0.8588
53669   0.8170
53673   0.7356
53674   0.6736
53676   0.8511
53677   0.7599
53678   0.8626
53679   0.8594
53680   0.6817
53681   0.9197
53682   0.7901
53685   0.8036
53687   0.7208
53688   0.6507
53689   0.5342
53690   0.7697
53691   0.4500
53692   0.6641
53693   0.7162
53694   0.5591
53695   0.6463
53696   0.6130
53697   0.5474
53698   0.7500
53699   0.6582
53704   0.7152
53705   0.6226
53707   0.7198
53723   0.8211
53725   0.7780
53727   0.6213
53730   0.7565
53732   0.8096
53735   0.7314
53738   0.8997
53740   0.7205
53748   0.8495
53750   0.7950
53751   0.7924
53753   0.5965
53754   0.7137
53756   0.7173
53757   0.8543
53759   0.7454
53760   0.7416
53763   0.8417
53764   0.6117
53767   0.7574
53768   0.7203
53769   0.7977
53770   0.7325
53771   0.7437
53772   0.6922
53773   0.6836
53774   0.7584
53775   0.8255
53776   0.7695
53777   0.7674
53778   0.7890
53780   0.8849
53781   0.7777
53782   0.7613
53783   0.7702
53784   0.7995
53785   0.7518
53786   0.9373
53787   0.8822
53788   0.9282
53789   0.5738
53790   0.7628
53791   0.7298
53792   0.7149
53794   0.6793
53795   0.6365
53796   0.6454
53797   0.7208
53798   0.5911
53799   0.5375
53806   0.7067
53810   0.4670
53817   0.6862
53821   0.8298
53829   0.7598
53832   0.9070
53841   0.8960
53845   0.8136
53848   0.9017
53850   0.8439
53852   0.8429
53853   0.7780
53854   0.8338
53856   0.8023
53857   0.8543
53859   0.7814
53860   0.6582
53861   0.7409
53862   0.8549
53863   0.8098
53864   0.8230
53865   0.7502
53866   0.7228
53868   0.6786
53869   0.7788
53871   0.6243
53872   0.7181
53873   0.8082
53874   0.8425
53875   0.8939
53877   0.8810
53878   0.7840
53879   0.6682
53880   0.6081
53881   0.7775
53882   0.6561
53883   0.5917
53884   0.8407
53885   0.6701
53886   0.6582
53888   0.8213
53889   0.5963
53890   0.7019
53891   0.6714
53892   0.6274
53893   0.6248
53894   0.5767
53895   0.6049
53896   0.5888
53897   0.5581
53898   0.4038
53899   0.5647
53903   0.8711
53906   0.7511
53908   0.9002
53910   0.7805
53914   0.7350
53915   0.5362
53916   0.8023
53917   0.8177
53923   0.6855
53924   0.8617
53925   0.6108
53926   0.8234
53927   0.8038
53928   0.7615
53929   0.5261
53930   0.8552
53931   0.8884
53934   0.5976
53935   0.7412
53937   0.6277
53938   0.6590
53941   0.7373
53942   0.7624
53944   0.8310
53945   0.7847
53946   0.8530
53947   0.7495
53948   0.7946
53949   0.7416
53950   0.8528
53953   0.7681
53954   0.6987
53955   0.7449
53956   0.7364
53957   0.5633
53958   0.7884
53959   0.8037
53961   0.6577
53962   0.6888
53963   0.6446
53964   0.5870
53965   0.7219
53966   0.8161
53967   0.8382
53968   0.8784
53970   0.8645
53972   0.6346
53973   0.7757
53974   0.7109
53975   0.7873
53976   0.6141
53978   0.6889
53979   0.6313
53980   0.6644
53981   0.7077
53982   0.6517
53983   0.6745
53984   0.6164
53985   0.6947
53986   0.6325
53987   0.5331
53988   0.5251
53989   0.6802
53991   0.6259
53992   0.6270
53993   0.6421
53994   0.5377
53995   0.5305
53996   0.6221
53997   0.6364
53998   0.5601
54012   0.7592
54024   0.7510
54026   0.6970
54027   0.4843
54031   0.6809
54039   0.5833
54041   0.6105
54047   0.6366
54049   0.6155
54063   0.6976
54064   0.7409
54065   0.6453
54069   0.6679
54072   0.6481
54076   0.6544
54080   0.4944
54092   0.6238
54093   0.7422
54094   0.5937
54096   0.6620
54098   0.7388
54099   0.7725
54102   0.6198
54113   0.7305
54115   0.8130
54117   0.8202
54122   0.6808
54132   0.7632
54134   0.5524
54135   0.5682
54142   0.7267
54154   0.7011
54155   0.6766
54156   0.6723
54157   0.8206
54161   0.5670
54164   0.7443
54165   0.6659
54169   0.7868
54171   0.7825
54172   0.5857
54181   0.8068
54186   0.7746
54187   0.8960
54192   0.9137
54195   0.8180
54204   0.6915
54205   0.6998
54208   0.8400
54213   0.8180
54214   0.8673
54218   0.6390
54223   0.5510
54225   0.8404
54226   0.8470
54231   0.6897
54234   0.7468
54236   0.6363
54237   0.8226
54243   0.6985
54244   0.7167
54245   0.7672
54248   0.6943
54249   0.7454
54252   0.9015
54254   0.8055
54259   0.8734
54260   0.8185
54261   0.8881
54263   0.8512
54266   0.6469
54267   0.7347
54273   0.8329
54274   0.7965
54276   0.8880
54279   0.7494
54284   0.6140
54285   0.8794
54286   0.8426
54290   0.8628
54291   0.8130
54292   0.7949
54293   0.8417
54301   0.7915
54304   0.7815
54305   0.6836
54308   0.8197
54311   0.8491
54313   0.8170
54316   0.8578
54318   0.8594
54319   0.8617
54320   0.7877
54321   0.8871
54323   0.6370
54324   0.7421
54325   0.9125
54326   0.7623
54327   0.8633
54328   0.7926
54330   0.5468
54331   0.7214
54332   0.5852
54333   0.5865
54334   0.7495
54335   0.6408
54336   0.6361
54337   0.6175
54338   0.5441
54339   0.6056
54340   0.5585
54342   0.6979
54345   0.6273
54346   0.7728
54347   0.6858
54348   0.6061
54349   0.7871
54351   0.8015
54353   0.7899
54362   0.8776
54363   0.7671
54365   0.8492
54371   0.7576
54374   0.6864
54377   0.7383
54386   0.6682
54398   0.5930
54399   0.7229
54401   0.7047
54404   0.8726
54405   0.7457
54406   0.8124
54408   0.6539
54410   0.7737
54412   0.8508
54416   0.8101
54419   0.7891
54420   0.8553
54421   0.8054
54423   0.7732
54424   0.8572
54425   0.8583
54428   0.7621
54429   0.6478
54430   0.8551
54431   0.6952
54432   0.8708
54433   0.5894
54434   0.7878
54436   0.8838
54437   0.7144
54438   0.6204
54439   0.7661
54449   0.7877
54452   0.7894
54453   0.7550
54454   0.7534
54455   0.8045
54470   0.4781
54471   0.6686
54472   0.6592
54474   0.7372
54475   0.6833
54476   0.8088
54483   0.8528
54486   0.8538
54493   0.7950
54494   0.7605
54497   0.6447
54499   0.7684
54501   0.8739
54502   0.6161
54503   0.7175
54505   0.7136
54506   0.5943
54507   0.6485
54510   0.7609
54511   0.6701
54512   0.8223
54513   0.7345
54514   0.7413
54515   0.6394
54517   0.6037
54518   0.7864
54519   0.7483
54520   0.7104
54521   0.7185
54522   0.7838
54523   0.6564
54525   0.7002
54526   0.6037
54527   0.6984
54528   0.8050
54529   0.7064
54530   0.7168
54531   0.6382
54532   0.6747
54533   0.7278
54534   0.7265
54535   0.6397
54539   0.5766
54540   0.8058
54541   0.6815
54563   0.6683
54568   0.7582
54569   0.7729
54575   0.7050
54579   0.6441
54584   0.6712
54590   0.7029
54594   0.7993
54596   0.7070
54597   0.7833
54601   0.6699
54602   0.7879
54603   0.6852
54604   0.7336
54605   0.6439
54606   0.7398
54607   0.6986
54608   0.6550
54609   0.7158
54610   0.6108
54611   0.6866
54612   0.7458
54613   0.6355
54614   0.7591
54615   0.6702
54616   0.7581
54617   0.6242
54618   0.5407
54619   0.6162
54620   0.6765
54621   0.6241
54622   0.7031
54623   0.7764
54624   0.6152
54626   0.7900
54627   0.6314
54628   0.6520
54631   0.6860
54632   0.5340
54633   0.7213
54636   0.6322
54640   0.6384
54644   0.6100
54645   0.6050
54660   0.7132
54662   0.7269
54700   0.6731
54701   0.6386
54702   0.5776
54703   0.6651
54704   0.7171
54705   0.5926
54706   0.7479
54707   0.5257
54708   0.5919
54709   0.6178
54710   0.7286
54711   0.5718
54712   0.4970
54713   0.5515
54714   0.6522
54715   0.5949
54716   0.6313
54717   0.5824
54718   0.6011
54719   0.7212
54722   0.5045
54723   0.6746
54724   0.6738
54725   0.6029
54726   0.6096
54727   0.7135
54728   0.6151
54729   0.6226
54730   0.6032
54731   0.5293
54732   0.5999
54734   0.6704
54736   0.5195
54737   0.6799
54738   0.6540
54744   0.5229
54749   0.6814
54751   0.7915
54752   0.6755
54753   0.7813
54755   0.7815
54759   0.6570
54764   0.6536
54765   0.5476
54766   0.5851
54774   0.7337
54776   0.6983
54777   0.6086
54778   0.6655
54800   0.7107
54801   0.6684
54802   0.5972
54803   0.5499
54804   0.7022
54805   0.7095
54806   0.5444
54807   0.6223
54808   0.5304
54809   0.5320
54810   0.5224
54811   0.6356
54812   0.7345
54814   0.6477
54815   0.6865
54816   0.7401
54817   0.5058
54818   0.5466
54819   0.7844
54820   0.5835
54821   0.6596
54822   0.7445
54823   0.6782
54824   0.7060
54825   0.6771
54826   0.8876
54827   0.8407
54828   0.6857
54829   0.7369
54830   0.7103
54831   0.7692
54832   0.6082
54833   0.6623
54834   0.7003
54835   0.6725
54836   0.7807
54837   0.6695
54841   0.5280
54842   0.6898
54843   0.6223
54844   0.7107
54846   0.5190
54848   0.7197
54849   0.5990
54851   0.6743
54852   0.7714
54853   0.6827
54855   0.6288
54857   0.5953
54861   0.7360
54863   0.7239
54871   0.6853
54900   0.6128
54901   0.5709
54902   0.5890
54903   0.5846
54904   0.5522
54905   0.4530
54906   0.5443
54907   0.6037
54908   0.5220
54909   0.5763
54910   0.5656
54911   0.6706
54912   0.7057
54913   0.7560
54914   0.5667
54915   0.5814
54916   0.7096
54917   0.5927
54918   0.6229
54919   0.7321
54920   0.7224
54921   0.6876
54922   0.7313
54923   0.7179
54925   0.7173
54927   0.7125
54929   0.6601
54932   0.5316
54935   0.7151
54936   0.6632
54938   0.5317
54939   0.6230
54940   0.6887
54943   0.7451
54945   0.6952
55228   0.5857
55248   0.8635
55279   0.7800
55294   0.5879
55299   0.6127
55437   0.6269
55472   0.7959
55493   0.7318
55569   0.7711
55572   0.6369
55578   0.9011
55585   0.8060
55589   0.8672
55591   0.6707
55593   0.5696
55597   0.7731
55598   0.6932
55655   0.6808
55664   0.8089
55680   0.8059
55681   0.7360
55690   0.4917
55696   0.6877
55773   0.6640
56004   0.6321
56016   0.6467
56018   0.3895
56021   0.6727
56029   0.6327
56033   0.6189
56034   0.6445
56038   0.6105
56043   0.6800
56045   0.7994
56046   0.7289
56065   0.7860
56067   0.6818
56071   0.7715
56074   0.7055
56079   0.5387
56080   0.7654
56081   0.8232
56082   0.8505
56084   0.8459
56091   0.8096
56092   0.7432
56093   0.8009
56094   0.8331
56095   0.8918
56096   0.8244
56097   0.7310
56106   0.4976
56109   0.5147
56116   0.4321
56125   0.5353
56128   0.3899
56137   0.4292
56144   0.5423
56146   0.6554
56147   0.6177
56151   0.7308
56152   0.7483
56158   0.6235
56164   0.7528
56167   0.7711
56168   0.6864
56171   0.7024
56172   0.6183
56173   0.8271
56178   0.6952
56180   0.8138
56181   0.5704
56182   0.7638
56183   0.6906
56184   0.7865
56185   0.8288
56186   0.6481
56187   0.5397
56188   0.7302
56189   0.6388
56190   0.3368
56192   0.6583
56193   0.5831
56194   0.5022
56195   0.4731
56196   0.2952
56197   0.5333
56198   0.3996
56199   0.4936
56202   0.5416
56223   0.2917
56227   0.5537
56228   0.6339
56247   0.4257
56251   0.7733
56257   0.6484
56263   0.7276
56267   0.5313
56272   0.5320
56273   0.7091
56276   0.4315
56278   0.6424
56279   0.5084
56280   0.4325
56281   0.4624
56284   0.6781
56285   0.6622
56286   0.5671
56287   0.3897
56288   0.3640
56289   0.3450
56290   0.3318
56291   0.3835
56295   0.3338
56296   0.4457
56297   0.5135
56298   0.3656
56307   0.6933
56312   0.5970
56317   0.3716
56331   0.7688
56342   0.7707
56357   0.5498
56371   0.8292
56373   0.6223
56374   0.6606
56376   0.6618
56378   0.8030
56380   0.3969
56381   0.4901
56382   0.3288
56383   0.3782
56384   0.6126
56385   0.8769
56386   0.3656
56387   0.7034
56389   0.3666
56390   0.3808
56391   0.3457
56393   0.4300
56394   0.5478
56395   0.4560
56396   0.4303
56399   0.4082
56434   0.4285
56441   0.4131
56443   0.4996
56444   0.3789
56459   0.7086
56462   0.4824
56473   0.8031
56474   0.6372
56475   0.7886
56478   0.7387
56479   0.7810
56480   0.5580
56483   0.5513
56485   0.5630
56487   0.7942
56489   0.6429
56490   0.5686
56491   0.3605
56492   0.4360
56493   0.4964
56494   0.5658
56496   0.6499
56497   0.4845
56498   0.5068
56499   0.5451
56533   0.5492
56543   0.8086
56548   0.4680
56565   0.7908
56567   0.8188
56569   0.7718
56571   0.7099
56575   0.7667
56578   0.6937
56580   0.8254
56582   0.6363
56584   0.7861
56585   0.7265
56586   0.7125
56592   0.4115
56593   0.4278
56594   0.6430
56595   0.6641
56596   0.6677
56598   0.7264
56641   0.4885
56643   0.6482
56645   0.6043
56646   0.6716
56649   0.6567
56651   0.8600
56652   0.7549
56654   0.7706
56664   0.5076
56665   0.6875
56666   0.6830
56669   0.7167
56670   0.7796
56671   0.7821
56673   0.6944
56674   0.7216
56675   0.8103
56684   0.7863
56688   0.8871
56691   0.6226
56693   0.7214
56697   0.6214
56739   0.6687
56742   0.7312
56745   0.5794
56746   0.7093
56748   0.8130
56751   0.8739
56752   0.6748
56755   0.8144
56756   0.8203
56757   0.7369
56761   0.7737
56763   0.8030
56764   0.8387
56766   0.7904
56767   0.8490
56768   0.7312
56772   0.8041
56774   0.8000
56775   0.8236
56777   0.8423
56778   0.6423
56781   0.8181
56782   0.7448
56783   0.5485
56785   0.7973
56786   0.7314
56788   0.7987
56790   0.6953
56792   0.7193
56793   0.6868
56835   0.6713
56836   0.4863
56838   0.6038
56839   0.6538
56840   0.4751
56841   0.6062
56842   0.6884
56843   0.7798
56844   0.5680
56846   0.6742
56849   0.5996
56851   0.7599
56854   0.7225
56856   0.7144
56862   0.6478
56863   0.7414
56867   0.6663
56869   0.7491
56870   0.8741
56871   0.6809
56872   0.5080
56873   0.6120
56875   0.7443
56876   0.8004
56878   0.7888
56879   0.8329
56880   0.7195
56881   0.7272
56882   0.5539
56883   0.6887
56885   0.7029
56886   0.8154
56889   0.7033
56891   0.7588
56898   0.8241
56944   0.7267
56946   0.7520
56948   0.4405
56949   0.6780
56950   0.7302
56951   0.6991
56952   0.5971
56954   0.6472
56958   0.8232
56959   0.5708
56961   0.7987
56962   0.7625
56964   0.5281
56966   0.6658
56969   0.7328
56970   0.7913
56973   0.5467
56975   0.8190
56976   0.7912
56977   0.7085
56978   0.5048
56982   0.7607
56984   0.7146
56985   0.6423
56986   0.6687
56987   0.6922
56989   0.5727
56991   0.6949
56992   0.7764
56994   0.7104
56995   0.7321
56996   0.8526
57001   0.7880
57002   0.6891
57003   0.6301
57004   0.6878
57006   0.6419
57007   0.7628
57008   0.8394
57011   0.8300
57012   0.8296
57014   0.6894
57016   0.7531
57020   0.6082
57021   0.8464
57022   0.8764
57023   0.7322
57024   0.8121
57025   0.6571
57026   0.7185
57027   0.6666
57028   0.8780
57029   0.7036
57030   0.6289
57031   0.8155
57032   0.6970
57033   0.5382
57034   0.6448
57035   0.6974
57036      nan
57037   0.6271
57038   0.6780
57039   0.7722
57040   0.6535
57041   0.4725
57042   0.7651
57043   0.7327
57044   0.7793
57045   0.5939
57046   0.8066
57047   0.8091
57048   0.7188
57049   0.8204
57051   0.6676
57052   0.8215
57053   0.8529
57054   0.6588
57055   0.8658
57056   0.6696
57057   0.8076
57060   0.8956
57061   0.8059
57063   0.7180
57065   0.7511
57066   0.7604
57067   0.7967
57070   0.6814
57071   0.5983
57072   0.6820
57074   0.7160
57075   0.7481
57076   0.4865
57077   0.7914
57078   0.7131
57079   0.5242
57080   0.6594
57081   0.6096
57082   0.7616
57083   0.6860
57084   0.8621
57085   0.7229
57086   0.6164
57087   0.5890
57088   0.6382
57089   0.6467
57090   0.6061
57091   0.5009
57093   0.5714
57094   0.5736
57095   0.6585
57096   0.5354
57098   0.6062
57099   0.5185
57102   0.7092
57105   0.8633
57106   0.7190
57110   0.6815
57111   0.7694
57113   0.8019
57119   0.6601
57123   0.6191
57124   0.8497
57126   0.6627
57127   0.4445
57128   0.5363
57129   0.7833
57131   0.4313
57132   0.6387
57134   0.7522
57137   0.8585
57140   0.8714
57143   0.8031
57144   0.8076
57153   0.8680
57154   0.8174
57155   0.8422
57156   0.4717
57162   0.7131
57169   0.6074
57173   0.7406
57175   0.6035
57176   0.7560
57177   0.7829
57178   0.6097
57179   0.7458
57180   0.5977
57181   0.6694
57182   0.6838
57183   0.7509
57184   0.7043
57185   0.7173
57186   0.6117
57187   0.6997
57188   0.5917
57189   0.6617
57190   0.5925
57191   0.5502
57192   0.6042
57193   0.5456
57194   0.5642
57195   0.5119
57196   0.6270
57197   0.7001
57198   0.5789
57204   0.6899
57206   0.6558
57208   0.5231
57211   0.7734
57213   0.4556
57216   0.4294
57217   0.5179
57231   0.7263
57232   0.6280
57233   0.7167
57237   0.7966
57238   0.8049
57242   0.8216
57245   0.6226
57247   0.7513
57248   0.7281
57249   0.8596
57251   0.6861
57253   0.7322
57254   0.7288
57256   0.6892
57257   0.6324
57259   0.8702
57260   0.6361
57261   0.5648
57265   0.5936
57268   0.4506
57271   0.5488
57273   0.6150
57274   0.5975
57278   0.4568
57279   0.6178
57281   0.7142
57285   0.8010
57290   0.6954
57292   0.5731
57293   0.5624
57294   0.7159
57295   0.5778
57296   0.5807
57297   0.6460
57298   0.5565
57299   0.6359
57303   0.4598
57304   0.5176
57306   0.3473
57307   0.3037
57308   0.4306
57309   0.4832
57313   0.5912
57314   0.3524
57315   0.5009
57317   0.5375
57318   0.5007
57320   0.6587
57324   0.5907
57326   0.5306
57328   0.4008
57329   0.7566
57333   0.7482
57338   0.5824
57339   0.4084
57343   0.8382
57345   0.7077
57348   0.7173
57349   0.7135
57355   0.7087
57358   0.6185
57359   0.7509
57361   0.7934
57362   0.7811
57363   0.6985
57368   0.7439
57370   0.5309
57377   0.6336
57378   0.6073
57381   0.6531
57385   0.7854
57386   0.7108
57387   0.7776
57388   0.5370
57389   0.4858
57390   0.8283
57395   0.7634
57396   0.7878
57398   0.6324
57399   0.6830
57401   0.4649
57402   0.4086
57405   0.3689
57407   0.4116
57408   0.3787
57409   0.4248
57411   0.4112
57413   0.6495
57414   0.5825
57415   0.5952
57416   0.6151
57417   0.4753
57420   0.6169
57425   0.6560
57426   0.7012
57431   0.6638
57432   0.5196
57437   0.5432
57438   0.7000
57439   0.7296
57445   0.7556
57447   0.4500
57453   0.5405
57458   0.8180
57460   0.6153
57461   0.5246
57462   0.6967
57464   0.6678
57465   0.4666
57466   0.5131
57469   0.5831
57475   0.6134
57476   0.5532
57477   0.5387
57481   0.5609
57482   0.5952
57483   0.5578
57485   0.5476
57486   0.5726
57489   0.6042
57491   0.6450
57492   0.6587
57493   0.6052
57494   0.7357
57495   0.6993
57496   0.6493
57498   0.5550
57499   0.7341
57502   0.6267
57503   0.4408
57505   0.5097
57506   0.5591
57507   0.4799
57508   0.4817
57509   0.7853
57510   0.5608
57511   0.6754
57512   0.6030
57513   0.5749
57514   0.6050
57516   0.5121
57517   0.4570
57518   0.5290
57519   0.7608
57520   0.4440
57522   0.5039
57523   0.7400
57525   0.8117
57536   0.6285
57537   0.6893
57540   0.6542
57541   0.6283
57543   0.5913
57544   0.7703
57545   0.6825
57554   0.4555
57558   0.7693
57562   0.5238
57564   0.6370
57565   0.4600
57566   0.5288
57571   0.5980
57573   0.5396
57574   0.5160
57575   0.5553
57577   0.4611
57581   0.6350
57582   0.6707
57583   0.5300
57584   0.6784
57585   0.6410
57586   0.6741
57589   0.7444
57590   0.5732
57595   0.8000
57596   0.8434
57598   0.6985
57600   0.4502
57603   0.4227
57604   0.4435
57605   0.7509
57606   0.8151
57608   0.6061
57609   0.5650
57612   0.5790
57614   0.7491
57623   0.7841
57625   0.7080
57633   0.7680
57634   0.6634
57635   0.5359
57636   0.6197
57637   0.7187
57640   0.6472
57642   0.5299
57643   0.7035
57646   0.7898
57647   0.7595
57649   0.7248
57655   0.6923
57657   0.6878
57658   0.6067
57661   0.6082
57662   0.6145
57663   0.4783
57666   0.5862
57669   0.7727
57671   0.5301
57673   0.5844
57674   0.5499
57678   0.4997
57679   0.4991
57680   0.4591
57682   0.6843
57687   0.5385
57688   0.5897
57694   0.8695
57696   0.6552
57698   0.7118
57699   0.5773
57707   0.7678
57708   0.6937
57710   0.7217
57712   0.7038
57713   0.7332
57714   0.7038
57717   0.6512
57718   0.8224
57719   0.7190
57720   0.7442
57722   0.7904
57723   0.7633
57728   0.8161
57729   0.8213
57731   0.7172
57732   0.7435
57734   0.7982
57735   0.7202
57736   0.7022
57737   0.8342
57738   0.7971
57739   0.7685
57740   0.7295
57741   0.6761
57742   0.7289
57743   0.7010
57744   0.7708
57745   0.7597
57749   0.7254
57752   0.6325
57754   0.7631
57758   0.7348
57760   0.6748
57761   0.7077
57762   0.6647
57763   0.5263
57766   0.5331
57767   0.5849
57768   0.6526
57769   0.7146
57771   0.6054
57772   0.6048
57773   0.4957
57774   0.7220
57776   0.8384
57777   0.6124
57778   0.6144
57779   0.6606
57780   0.4656
57781   0.5469
57783   0.7279
57786   0.6271
57789   0.7168
57792   0.6725
57793   0.6260
57794   0.7221
57796   0.6527
57798   0.7369
57799   0.5404
57800   0.8358
57803   0.7355
57805   0.7432
57806   0.7572
57807   0.6905
57808   0.7628
57809   0.7770
57811   0.8100
57813   0.7677
57814   0.7166
57816   0.7189
57818   0.7410
57821   0.7906
57822   0.7924
57824   0.8484
57825   0.7567
57827   0.8146
57828   0.8062
57829   0.7685
57832   0.8238
57834   0.8076
57835   0.8267
57837   0.8961
57839   0.7942
57840   0.8027
57841   0.8076
57842   0.7739
57844   0.7799
57845   0.7688
57846   0.8115
57851   0.8377
57853   0.6751
57857   0.7520
57859   0.8948
57860   0.6305
57865   0.6517
57866   0.6000
57867   0.6996
57868   0.6850
57870   0.6514
57871   0.4779
57872   0.5335
57874   0.5610
57875   0.5394
57876   0.5644
57881   0.6045
57882   0.6056
57883   0.7977
57886   0.8429
57887   0.5922
57889   0.8691
57891   0.8125
57894   0.7528
57895   0.6847
57896   0.7542
57899   0.6046
57900   0.7329
57902   0.7843
57903   0.7548
57905   0.7069
57906   0.7799
57907   0.6735
57908   0.7466
57909   0.8056
57910   0.7553
57911   0.7335
57912   0.8020
57913   0.8719
57914   0.7214
57915   0.7557
57916   0.6729
57921   0.8369
57922   0.7632
57923   0.7716
57926   0.8369
57927   0.7995
57932   0.8190
57936   0.7163
57941   0.7149
57942   0.7901
57947   0.7459
57948   0.7451
57949   0.7694
57954   0.5891
57955   0.7105
57956   0.7193
57957   0.6486
57958   0.6903
57960   0.7397
57962   0.8159
57964   0.8792
57965   0.6101
57966   0.6363
57969   0.8103
57971   0.7352
57972   0.7009
57973   0.6326
57974   0.7073
57975   0.7537
57976   0.7575
57978   0.8337
57981   0.7415
57985   0.7434
57988   0.7909
57989   0.7466
57990   0.8769
57991   0.7308
57992   0.6187
57993   0.7213
57994   0.8326
57995   0.6789
57996   0.8207
58001   0.6599
58002   0.5851
58003   0.5309
58004   0.6180
58005   0.6638
58006   0.5757
58007   0.5894
58008   0.6603
58011   0.5904
58012   0.6866
58013   0.6429
58015   0.5896
58016   0.6694
58017   0.6159
58020   0.6385
58021   0.6164
58022   0.6829
58024   0.7805
58025   0.7480
58026   0.6714
58027   0.6681
58030   0.6894
58032   0.5688
58034   0.5755
58035   0.6056
58036   0.5981
58038   0.4813
58040   0.6122
58041   0.7038
58044   0.5871
58045   0.5924
58047   0.5730
58048   0.5177
58049   0.6673
58100   0.5536
58101   0.5653
58102   0.5482
58104   0.5945
58107   0.5047
58108   0.6034
58109   0.5934
58111   0.6265
58112   0.8183
58113   0.6785
58114   0.6122
58116   0.6797
58117   0.5309
58118   0.5828
58122   0.6568
58125   0.6037
58126   0.5346
58127   0.6000
58128   0.6012
58129   0.6679
58130   0.5348
58131   0.6321
58132   0.5719
58135   0.6347
58138   0.5961
58139   0.6443
58140   0.5359
58141   0.5887
58143   0.5416
58145   0.6156
58146   0.5762
58147   0.7045
58148   0.7042
58150   0.5935
58154   0.6448
58158   0.5712
58202   0.6087
58203   0.6434
58205   0.5506
58207   0.5926
58208   0.5258
58210   0.5991
58212   0.6219
58214   0.5953
58215   0.7214
58220   0.5713
58221   0.6970
58222   0.7355
58223   0.5369
58224   0.6428
58225   0.7075
58230   0.5693
58234   0.6790
58235   0.6079
58236   0.7355
58237   0.6443
58238   0.5015
58240   0.6049
58241   0.6183
58242   0.7141
58243   0.7089
58244   0.6567
58245   0.6635
58246   0.5899
58247   0.6110
58249   0.5852
58250   0.5105
58251   0.5851
58252   0.7308
58254   0.6200
58255   0.5560
58257   0.6617
58259   0.6004
58264   0.5427
58265   0.6500
58268   0.6095
58269   0.5597
58301   0.6829
58306   0.7760
58311   0.5238
58314   0.7055
58316   0.5671
58317   0.8522
58319   0.7517
58320   0.7849
58321   0.7383
58323   0.5830
58326   0.6946
58327   0.5599
58329   0.6284
58330   0.7406
58331   0.5434
58334   0.5719
58335   0.5861
58336   0.6416
58337   0.6663
58338   0.5465
58339   0.6065
58340   0.7050
58341   0.4304
58342   0.5788
58343   0.5651
58344   0.6364
58345   0.6303
58346   0.8074
58349   0.6211
58351   0.6089
58352   0.5185
58353   0.4854
58354   0.6163
58356   0.5847
58358   0.5101
58359   0.6231
58360   0.5467
58361   0.5928
58362   0.6319
58365   0.5184
58366   0.6478
58367   0.4618
58369   0.6448
58370   0.6447
58377   0.5786
58401   0.5773
58402   0.7833
58404   0.5182
58407   0.6600
58408   0.6399
58409   0.7304
58414   0.5677
58415   0.6105
58416   0.4455
58417   0.5508
58418   0.4334
58419   0.6772
58420   0.5328
58421   0.7501
58423   0.8128
58424   0.6252
58426   0.8728
58427   0.6679
58428   0.8110
58429   0.6436
58431   0.6062
58432   0.7197
58433   0.5994
58435   0.8403
58436   0.7359
58437   0.8867
58438   0.8559
58441   0.8005
58442   0.6233
58443   0.6003
58446   0.7941
58448   0.7843
58449   0.7337
58450   0.5942
58451   0.6135
58452   0.5915
58453   0.5858
58454   0.6118
58455   0.6990
58456   0.5473
58457   0.5821
58458   0.6327
58459   0.5877
58460   0.7532
58461   0.6406
58462   0.5448
58463   0.5707
58464   0.6897
58467   0.5393
58468   0.6857
58472   0.7133
58477   0.7105
58484   0.7225
58500   0.5754
58501   0.6019
58502   0.6678
58503   0.6358
58505   0.7282
58506   0.8918
58507   0.7616
58508   0.5064
58509   0.4259
58510   0.5931
58512   0.6108
58514   0.7566
58517   0.6229
58519   0.4502
58520   0.8246
58523   0.8646
58524   0.6638
58527   0.6166
58529   0.7765
58530   0.7457
58531   0.6933
58534   0.7508
58537   0.8222
58542   0.8344
58543   0.7548
58544   0.8414
58546   0.8227
58547   0.6474
58548   0.6903
58549   0.6837
58550   0.7075
58553   0.5663
58555   0.6789
58556   0.6189
58557   0.6546
58558   0.6418
58559   0.8482
58560   0.7802
58561   0.6321
58562   0.6347
58563   0.7726
58565   0.6625
58566   0.6601
58567   0.6964
58568   0.8042
58569   0.5831
58570   0.7471
58600   0.4732
58601   0.5549
58602   0.7254
58605   0.5715
58606   0.5425
58607   0.4228
58608   0.5304
58609   0.4685
58612   0.4114
58614   0.4873
58615   0.7135
58616   0.5178
58618   0.6270
58619   0.4801
58620   0.5979
58622   0.6552
58623   0.6538
58624   0.5810
58625   0.6040
58626   0.6259
58627   0.4695
58629   0.5822
58631   0.7435
58632   0.7094
58633   0.6069
58634   0.6979
58635   0.6091
58637   0.5766
58642   0.7720
58643   0.6951
58644   0.7911
58646   0.7417
58647   0.8519
58652   0.8405
58654   0.7938
58656   0.6304
58657   0.7889
58658   0.7515
58659   0.5732
58660   0.7062
58664   0.6775
58665   0.5072
58666   0.6345
58667   0.6864
58693   0.7510
58701   0.5851
58704   0.6185
58705   0.5972
58706   0.7023
58707   0.7047
58710   0.6847
58712   0.6161
58713   0.8260
58714   0.7423
58715   0.6009
58718   0.6755
58719   0.6060
58724   0.8156
58725   0.7497
58730   0.7444
58731   0.7268
58734   0.6036
58735   0.6832
58736   0.6738
58737   0.6894
58742   0.7893
58744   0.7193
58745   0.8591
58746   0.8350
58747   0.6067
58748   0.6948
58749   0.7272
58750   0.8310
58751   0.4941
58752   0.5683
58754   0.7405
58760   0.6194
58804   0.7285
58806   0.7183
58813   0.6812
58814   0.7501
58818   0.7211
58819   0.7095
58820   0.7202
58821   0.7102
58822   0.8173
58823   0.6601
58824   0.7826
58826   0.6745
58828   0.7408
58834   0.6977
58836   0.7499
58837   0.7423
58839   0.7372
58843   0.6196
58844   0.6987
58845   0.7734
58846   0.7545
58847   0.5775
58848   0.6858
58850   0.5978
58903   0.5801
58905   0.6078
58906   0.7987
58907   0.8445
58911   0.7822
58912   0.7072
58917   0.7193
58918   0.7434
58921   0.7819
58923   0.8468
58926   0.6483
58927   0.7961
58928   0.8267
58929   0.6782
58931   0.8843
58932   0.7771
58933   0.7312
58934   0.7367
58935   0.7261
58936   0.5625
58938   0.4674
58940   0.5815
58941   0.5160
58942   0.4841
58944   0.6579
58946   0.5237
59001   0.6834
59004   0.7331
59007   0.7716
59012   0.7421
59015   0.8574
59017   0.8042
59021   0.8430
59022   0.7942
59023   0.6953
59025   0.7828
59027   0.8016
59031   0.7383
59033   0.7626
59034   0.6872
59037   0.7392
59038   0.7981
59041   0.6785
59044   0.6185
59045   0.6259
59046   0.6478
59047   0.6624
59051   0.6802
59052   0.7498
59053   0.7259
59055   0.7279
59057   0.8395
59058   0.7822
59059   0.7827
59061   0.8194
59063   0.7293
59064   0.7452
59065   0.7466
59071   0.7532
59072   0.7928
59074   0.8687
59075   0.7284
59081   0.8040
59082   0.7322
59087   0.7581
59088   0.7015
59090   0.7777
59091   0.8535
59092   0.7840
59093   0.7058
59094   0.7761
59096   0.8600
59097   0.8646
59099   0.8260
59102   0.8451
59106   0.7837
59107   0.7126
59109   0.6224
59113   0.7359
59114   0.7396
59116   0.6608
59117   0.6810
59122   0.5226
59124   0.6700
59125   0.7808
59126   0.5511
59127   0.5445
59129   0.6971
59130   0.7026
59131   0.5825
59133   0.5780
59134   0.4582
59137   0.4124
59205   0.8474
59209   0.8530
59211   0.7028
59213   0.7285
59215   0.7887
59218   0.7996
59224   0.6437
59227   0.7969
59228   0.7039
59229   0.7061
59230   0.7537
59235   0.8391
59237   0.6284
59238   0.7026
59241   0.6933
59242   0.7199
59246   0.6443
59249   0.6948
59254   0.7011
59255   0.5765
59256   0.6460
59264   0.6792
59265   0.6342
59266   0.6919
59268   0.6793
59269   0.6626
59270   0.4868
59271   0.7050
59276   0.6780
59278   0.7004
59279   0.5644
59280   0.6540
59284   0.5972
59285   0.6355
59287   0.6796
59288   0.5551
59289   0.5709
59290   0.7375
59293   0.6950
59294   0.6748
59297   0.6248
59298   0.5780
59303   0.5515
59304   0.6787
59306   0.6989
59310   0.7627
59312   0.6459
59313   0.5936
59314   0.5729
59315   0.5956
59316   0.5716
59317   0.5808
59318   0.6020
59319   0.6309
59320   0.7265
59321   0.5793
59322   0.7321
59324   0.7330
59417   0.7060
59419   0.6577
59421   0.8205
59425   0.6607
59426   0.6711
59427   0.6890
59429   0.7607
59431   0.7233
59432      nan
59435   0.6526
59441   0.6762
59446   0.7358
59448   0.7265
59449   0.6725
59451   0.6881
59452   0.6602
59453   0.6461
59454   0.6299
59456   0.5659
59457   0.6792
59462   0.5704
59469   0.6548
59470   0.6443
59471   0.6555
59473   0.6621
59475   0.6397
59476   0.6588
59477   0.6175
59478   0.6246
59480   0.6391
59481   0.6466
59485   0.5988
59487   0.6019
59488   0.6546
59492   0.5833
59493   0.5167
59500   0.7122
59501   0.5297
59502   0.6017
59626   0.7235
59631   0.6726
59632   0.6582
59635   0.6733
59640   0.6220
59644   0.7395
59647   0.6105
59650   0.5898
59653   0.5547
59654   0.5779
59655   0.5349
59656   0.6088
59658   0.6537
59659   0.5548
59663   0.5756
59664   0.5501
59673   0.6386
59750   0.6953
59754   0.6678
59757   0.6466
59758   0.6523
59838   0.5671
59842   0.7194
59843   0.7166
59845   0.6334
59847   0.6448
59848   0.7676
59849   0.7211
59851   0.6577
59854   0.6698
59855   0.6659
59856   0.7444
59940   0.7104
59941   0.7909
59945   0.7987
59948   0.5211
59951   0.5065
59954   0.7015
59981   0.5774
