# stid, ec-ncep cov
50136   0.7593
50137   0.7347
50246   0.7681
50247   0.8493
50349   0.8183
50353   0.7839
50425   0.4674
50431   0.7033
50434   0.7486
50442   0.7195
50445   0.7369
50468   0.5776
50514   0.6569
50524   0.3954
50525   0.3515
50526   0.6212
50527   0.3104
50548   0.6945
50557   0.5039
50564   0.6985
50566   0.5685
50603   0.5478
50618   0.4336
50632   0.7419
50639   0.6413
50645   0.5758
50646   0.4489
50647   0.5839
50655   0.6464
50656   0.4675
50658   0.4591
50659   0.5741
50673   0.7169
50674   0.8301
50727   0.8001
50739   0.4991
50741   0.4863
50742   0.5831
50745   0.5416
50749   0.5362
50750   0.5120
50755   0.4726
50756   0.3208
50758   0.4974
50767   0.3397
50772   0.7979
50774   0.7527
50775   0.7295
50776   0.5827
50778   0.5341
50779   0.6225
50787   0.5575
50788   0.5641
50832   0.7217
50833   0.5112
50834   0.6894
50838   0.5263
50842   0.4894
50844   0.5803
50850   0.5077
50851   0.5241
50852   0.4132
50853   0.4456
50854   0.4955
50858   0.5712
50859   0.5108
50861   0.6511
50862   0.5091
50867   0.5617
50871   0.6600
50873   0.7588
50877   0.6650
50878   0.5594
50879   0.6112
50880   0.7497
50884   0.6831
50888   0.7098
50892   0.6710
50913   0.4748
50915   0.5703
50924   0.6423
50928   0.7869
50934   0.5527
50936   0.5031
50937   0.5081
50939   0.5016
50940   0.4942
50945   0.4657
50946   0.5061
50948   0.4999
50949   0.5606
50950   0.4755
50953   0.5639
50954   0.4210
50955   0.5136
50956   0.4400
50958   0.5902
50960   0.6843
50962   0.7255
50963   0.5782
50964   0.5994
50965   0.6828
50968   0.6401
50971   0.8354
50973   0.5842
50978   0.5960
50979   0.7618
50983   0.6150
50985   0.6644
50987   0.6669
51053   0.5603
51058   0.6726
51059   0.6029
51060   0.7563
51068   0.5275
51076   0.6121
51087   0.6898
51133   0.4736
51137   0.5865
51145   0.4993
51156   0.6039
51186   0.8613
51232   0.6574
51238   0.7355
51241   0.7735
51243   0.6939
51288   0.4347
51328   0.5401
51329   0.4630
51330   0.8506
51334   0.7108
51346   0.7310
51352   0.6427
51353   0.6140
51356   0.6771
51357   0.5092
51358   0.6591
51359   0.6365
51365   0.6628
51367   0.6315
51368   0.7335
51369   0.5635
51377   0.7978
51378   0.5507
51379   0.6386
51430   0.7233
51431   0.7019
51433   0.7446
51434   0.6251
51435   0.7559
51436   0.3235
51437   0.5879
51438   0.5372
51463   0.6953
51465   0.3588
51467   0.7705
51468   0.5484
51469   0.4916
51470   0.4562
51477   0.9366
51482   0.6367
51495   0.6017
51526   0.8427
51542   0.8942
51559   0.8393
51567   0.7430
51568   0.8019
51571   0.7570
51572   0.7960
51573   0.6017
51581   0.5134
51627   0.8792
51628   0.7041
51629   0.7714
51633   0.8499
51636   0.7339
51639   0.7548
51642   0.6903
51644   0.8198
51655   0.7642
51656   0.8418
51701   0.7420
51704   0.8186
51705   0.7337
51707   0.6917
51708   0.7606
51709   0.7416
51711   0.7958
51716   0.7639
51717   0.6223
51720   0.7425
51722   0.6637
51730   0.7443
51747   0.8491
51765   0.7470
51777   0.8761
51802   0.6542
51804   0.8587
51810   0.7301
51811   0.6002
51814   0.5748
51815   0.5506
51818   0.6834
51826   0.8184
51827   0.8654
51828   0.6356
51829   0.7105
51839   0.7532
51855   0.7477
51886   0.7375
51931   0.5904
52101   0.8587
52112   0.4835
52118   0.7493
52203   0.7579
52267   0.2537
52313   0.5705
52323   0.6105
52418   0.8584
52424   0.6666
52436   0.8283
52446   0.6904
52447   0.5845
52495   0.8076
52515   0.7999
52533   0.5764
52546   0.7675
52557   0.6614
52575   0.7727
52576   0.7491
52602   0.7320
52607   0.7895
52633   0.8026
52643   0.6937
52645   0.7531
52652   0.7224
52656   0.5870
52657   0.7877
52661   0.6256
52674   0.7855
52679   0.7330
52681   0.4767
52707   0.7974
52713   0.8411
52737   0.6499
52745   0.7196
52754   0.5846
52765   0.8212
52784   0.5778
52787   0.6746
52797   0.5829
52818   0.6858
52825   0.5741
52833   0.6987
52836   0.5419
52842   0.7764
52853   0.9052
52855   0.8198
52856   0.7803
52862   0.8530
52863   0.7910
52866   0.4130
52868   0.7897
52869   0.6138
52874   0.6980
52875   0.7028
52876   0.5420
52877   0.8163
52881   0.7759
52884   0.8706
52885   0.6286
52889   0.7833
52895   0.6951
52896   0.7424
52908   0.5242
52943   0.8400
52955   0.8134
52957   0.7673
52963   0.7512
52968   0.7626
52972   0.8597
52974   0.5207
52978   0.8178
52980   0.7835
52981   0.5835
52982   0.7909
52983   0.8462
52984   0.6988
52985   0.8223
52986   0.8571
52988   0.7341
52993   0.8420
52995   0.7147
52996   0.7083
52998   0.7501
53068   0.5928
53083   0.6359
53149   0.6216
53192   0.6427
53195   0.6919
53272   0.6829
53276   0.6799
53289   0.7819
53324   0.8302
53336   0.6855
53337   0.4980
53343   0.6851
53348   0.7505
53352   0.6687
53357   0.6955
53362   0.8049
53367   0.7716
53368   0.6933
53378   0.7482
53384   0.7906
53385   0.7276
53391   0.6613
53392   0.7949
53397   0.8329
53399   0.8123
53419   0.6557
53420   0.5982
53433   0.4902
53446   0.6659
53455   0.6626
53457   0.6053
53463   0.6959
53464   0.7146
53466   0.4680
53467   0.6767
53469   0.7756
53472   0.9013
53475   0.8511
53478   0.7906
53480   0.7122
53481   0.8045
53483   0.6562
53484   0.7312
53486   0.8362
53487   0.8155
53488   0.7702
53490   0.8390
53491   0.7575
53492   0.6342
53498   0.8030
53499   0.5812
53502   0.5593
53505   0.6914
53512   0.7772
53513   0.5977
53517   0.8530
53518   0.8987
53519   0.7590
53522   0.7234
53529   0.8219
53533   0.6558
53543   0.6597
53545   0.6412
53547   0.7365
53553   0.6376
53562   0.8478
53564   0.5493
53565   0.7923
53567   0.6045
53573   0.7397
53574   0.7772
53575   0.7723
53576   0.7737
53577   0.6747
53578   0.8408
53579   0.8670
53580   0.6360
53582   0.8548
53584   0.6635
53585   0.8566
53588   0.7800
53590   0.8386
53593   0.8868
53594   0.8676
53596   0.6606
53599   0.8215
53602   0.7150
53603   0.6444
53610   0.7221
53611   0.6858
53612   0.7074
53614   0.6238
53615   0.6974
53617   0.6824
53618   0.6857
53619   0.8225
53644   0.5162
53646   0.5546
53651   0.6538
53658   0.6866
53659   0.4779
53660   0.6883
53662   0.8497
53663   0.8315
53664   0.5829
53665   0.8683
53666   0.8544
53669   0.8320
53673   0.5939
53674   0.4870
53676   0.7614
53677   0.7259
53678   0.8206
53679   0.8197
53680   0.5002
53681   0.9286
53682   0.6398
53685   0.8310
53687   0.7477
53688   0.4539
53689   0.2783
53690   0.7332
53691   0.2598
53692   0.5095
53693   0.7340
53694   0.4312
53695   0.4359
53696   0.3732
53697   0.2961
53698   0.6882
53699   0.4353
53704   0.7272
53705   0.5955
53707   0.7601
53723   0.8366
53725   0.7560
53727   0.4774
53730   0.7391
53732   0.8156
53735   0.7081
53738   0.8902
53740   0.7286
53748   0.8641
53750   0.7655
53751   0.7135
53753   0.4339
53754   0.6473
53756   0.5683
53757   0.8518
53759   0.6165
53760   0.8086
53763   0.8720
53764   0.5974
53767   0.8053
53768   0.6832
53769   0.7477
53770   0.5776
53771   0.6507
53772   0.5364
53773   0.4612
53774   0.7076
53775   0.7023
53776   0.6953
53777   0.7035
53778   0.6777
53780   0.8712
53781   0.6357
53782   0.7569
53783   0.7903
53784   0.5383
53785   0.4558
53786   0.9216
53787   0.8207
53788   0.9306
53789   0.3236
53790   0.4873
53791   0.5073
53792   0.5166
53794   0.3322
53795   0.5154
53796   0.3450
53797   0.4937
53798   0.3211
53799   0.2677
53806   0.7144
53810   0.4571
53817   0.6556
53821   0.7729
53829   0.7327
53832   0.9069
53841   0.9031
53845   0.7911
53848   0.8877
53850   0.8507
53852   0.8573
53853   0.7867
53854   0.8354
53856   0.7793
53857   0.8826
53859   0.7884
53860   0.8194
53861   0.6198
53862   0.8409
53863   0.7946
53864   0.8570
53865   0.6131
53866   0.6102
53868   0.5202
53869   0.6975
53871   0.5036
53872   0.6045
53873   0.7790
53874   0.8358
53875   0.8841
53877   0.8577
53878   0.8118
53879   0.6463
53880   0.6346
53881   0.7553
53882   0.6165
53883   0.2852
53884   0.7695
53885   0.6392
53886   0.7355
53888   0.8704
53889   0.5257
53890   0.6218
53891   0.4272
53892   0.4652
53893   0.3857
53894   0.4772
53895   0.3873
53896   0.4470
53897   0.3891
53898   0.2039
53899   0.3619
53903   0.8676
53906   0.7546
53908   0.8922
53910   0.7297
53914   0.7702
53915   0.5339
53916   0.7735
53917   0.7878
53923   0.5804
53924   0.8542
53925   0.3427
53926   0.7990
53927   0.8113
53928   0.7425
53929   0.3644
53930   0.8586
53931   0.8803
53934   0.4631
53935   0.6249
53937   0.6050
53938   0.6552
53941   0.6747
53942   0.7228
53944   0.8195
53945   0.7553
53946   0.9011
53947   0.7498
53948   0.7970
53949   0.6788
53950   0.8310
53953   0.7129
53954   0.6624
53955   0.6457
53956   0.7573
53957   0.4258
53958   0.6660
53959   0.7256
53961   0.5056
53962   0.5905
53963   0.4785
53964   0.3406
53965   0.6587
53966   0.6081
53967   0.7683
53968   0.8862
53970   0.8657
53972   0.5806
53973   0.7734
53974   0.6383
53975   0.7166
53976   0.4572
53978   0.6719
53979   0.5743
53980   0.4839
53981   0.6730
53982   0.5857
53983   0.5912
53984   0.5578
53985   0.6136
53986   0.5098
53987   0.5007
53988   0.4550
53989   0.5331
53991   0.4872
53992   0.4520
53993   0.4589
53994   0.3474
53995   0.3326
53996   0.4021
53997   0.3836
53998   0.4489
54012   0.7575
54024   0.7460
54026   0.6083
54027   0.4644
54031   0.6104
54039   0.5141
54041   0.5232
54047   0.5451
54049   0.5415
54063   0.5932
54064   0.6892
54065   0.5777
54069   0.6636
54072   0.5935
54076   0.6716
54080   0.5781
54092   0.6695
54093   0.8133
54094   0.6942
54096   0.6701
54098   0.7000
54099   0.7670
54102   0.6030
54113   0.6646
54115   0.8192
54117   0.8209
54122   0.6019
54132   0.7041
54134   0.5461
54135   0.5254
54142   0.6389
54154   0.6758
54155   0.6351
54156   0.6794
54157   0.7462
54161   0.6115
54164   0.6800
54165   0.6271
54169   0.7514
54171   0.7751
54172   0.6245
54181   0.7407
54186   0.6785
54187   0.8862
54192   0.9092
54195   0.8000
54204   0.7066
54205   0.6860
54208   0.8269
54213   0.7917
54214   0.8552
54218   0.6136
54223   0.5038
54225   0.8437
54226   0.8409
54231   0.6471
54234   0.7081
54236   0.5802
54237   0.8255
54243   0.6599
54244   0.6646
54245   0.7171
54248   0.6552
54249   0.6860
54252   0.8702
54254   0.7036
54259   0.8607
54260   0.7231
54261   0.8435
54263   0.7685
54266   0.6156
54267   0.7698
54273   0.6405
54274   0.6993
54276   0.8688
54279   0.7202
54284   0.5363
54285   0.8680
54286   0.8499
54290   0.8052
54291   0.7633
54292   0.7354
54293   0.7983
54301   0.7521
54304   0.9103
54305   0.6355
54308   0.8070
54311   0.7951
54313   0.8305
54316   0.8524
54318   0.8322
54319   0.8213
54320   0.7321
54321   0.8592
54323   0.6344
54324   0.7095
54325   0.8957
54326   0.7279
54327   0.7936
54328   0.7604
54330   0.5411
54331   0.7338
54332   0.5685
54333   0.5305
54334   0.7160
54335   0.5848
54336   0.5961
54337   0.5860
54338   0.5485
54339   0.6257
54340   0.5795
54342   0.7077
54345   0.6255
54346   0.7811
54347   0.6686
54348   0.6107
54349   0.8289
54351   0.7310
54353   0.7532
54362   0.8381
54363   0.7378
54365   0.8287
54371   0.7371
54374   0.6452
54377   0.7376
54386   0.6536
54398   0.4636
54399   0.6664
54401   0.7374
54404   0.8793
54405   0.7838
54406   0.8052
54408   0.6291
54410   0.8044
54412   0.7987
54416   0.7464
54419   0.8001
54420   0.8289
54421   0.6943
54423   0.6499
54424   0.8220
54425   0.8753
54428   0.7195
54429   0.5859
54430   0.7566
54431   0.6089
54432   0.8250
54433   0.4482
54434   0.7763
54436   0.8594
54437   0.6825
54438   0.6089
54439   0.6843
54449   0.8245
54452   0.7710
54453   0.7492
54454   0.7405
54455   0.8118
54470   0.5286
54471   0.6477
54472   0.6393
54474   0.7448
54475   0.6455
54476   0.8366
54483   0.8639
54486   0.8344
54493   0.7696
54494   0.7482
54497   0.6701
54499   0.7417
54501   0.9071
54502   0.5280
54503   0.5435
54505   0.6841
54506   0.4216
54507   0.6153
54510   0.6455
54511   0.5121
54512   0.6851
54513   0.6878
54514   0.7054
54515   0.5194
54517   0.4471
54518   0.6085
54519   0.5806
54520   0.6274
54521   0.6107
54522   0.7378
54523   0.5499
54525   0.5775
54526   0.4710
54527   0.4812
54528   0.6969
54529   0.5953
54530   0.5563
54531   0.6344
54532   0.5758
54533   0.6397
54534   0.6301
54535   0.6602
54539   0.5849
54540   0.7736
54541   0.6410
54563   0.6411
54568   0.7447
54569   0.7523
54575   0.6808
54579   0.7202
54584   0.7043
54590   0.7026
54594   0.7234
54596   0.6664
54597   0.8581
54601   0.4198
54602   0.5850
54603   0.3941
54604   0.4557
54605   0.4327
54606   0.4766
54607   0.4755
54608   0.4150
54609   0.4238
54610   0.3191
54611   0.5331
54612   0.4827
54613   0.3052
54614   0.4725
54615   0.4762
54616   0.6313
54617   0.3223
54618   0.3578
54619   0.3666
54620   0.3581
54621   0.3813
54622   0.6175
54623   0.7190
54624   0.5321
54626   0.5333
54627   0.5073
54628   0.5712
54631   0.4279
54632   0.2724
54633   0.4855
54636   0.4061
54640   0.3808
54644   0.4739
54645   0.5551
54660   0.6623
54662   0.7370
54700   0.3808
54701   0.3683
54702   0.4729
54703   0.4948
54704   0.5192
54705   0.3864
54706   0.5657
54707   0.4777
54708   0.4341
54709   0.5483
54710   0.5096
54711   0.4014
54712   0.4531
54713   0.3836
54714   0.5230
54715   0.5547
54716   0.4866
54717   0.4432
54718   0.5712
54719   0.5512
54722   0.4164
54723   0.5703
54724   0.5943
54725   0.5325
54726   0.4856
54727   0.6785
54728   0.4698
54729   0.5290
54730   0.5714
54731   0.4597
54732   0.4594
54734   0.6397
54736   0.4829
54737   0.5656
54738   0.5502
54744   0.4527
54749   0.6800
54751   0.8555
54752   0.7548
54753   0.8340
54755   0.8246
54759   0.7020
54764   0.7307
54765   0.6416
54766   0.6597
54774   0.7859
54776   0.8341
54777   0.6640
54778   0.6605
54800   0.4616
54801   0.4915
54802   0.5187
54803   0.4275
54804   0.5174
54805   0.5826
54806   0.4755
54807   0.5305
54808   0.4143
54809   0.4007
54810   0.4425
54811   0.4970
54812   0.5800
54814   0.5250
54815   0.5569
54816   0.6700
54817   0.4587
54818   0.4277
54819   0.7528
54820   0.3486
54821   0.6029
54822   0.6764
54823   0.6186
54824   0.6985
54825   0.7788
54826   0.8831
54827   0.8192
54828   0.6188
54829   0.6430
54830   0.5624
54831   0.7523
54832   0.5431
54833   0.4950
54834   0.6279
54835   0.6286
54836   0.8464
54837   0.6616
54841   0.5308
54842   0.6177
54843   0.6013
54844   0.7264
54846   0.5218
54848   0.7272
54849   0.5159
54851   0.6690
54852   0.7379
54853   0.6682
54855   0.5833
54857   0.6891
54861   0.7224
54863   0.7440
54871   0.7786
54900   0.4928
54901   0.4256
54902   0.4104
54903   0.4640
54904   0.4386
54905   0.4060
54906   0.4396
54907   0.5711
54908   0.3388
54909   0.5016
54910   0.4979
54911   0.6122
54912   0.6482
54913   0.6981
54914   0.5182
54915   0.4816
54916   0.6373
54917   0.5418
54918   0.5059
54919   0.6651
54920   0.6946
54921   0.6390
54922   0.7318
54923   0.6704
54925   0.6778
54927   0.6579
54929   0.5826
54932   0.5162
54935   0.7125
54936   0.6704
54938   0.4746
54939   0.6024
54940   0.7529
54943   0.7111
54945   0.6847
55228   0.6113
55248   0.8696
55279   0.7916
55294   0.5845
55299   0.4744
55437   0.6102
55472   0.7904
55493   0.5966
55569   0.7319
55572   0.5931
55578   0.8132
55585   0.7870
55589   0.8368
55591   0.5986
55593   0.5452
55597   0.7434
55598   0.6166
55655   0.6603
55664   0.8558
55680   0.7754
55681   0.7588
55690   0.5281
55696   0.7243
55773   0.7367
56004   0.5564
56016   0.5850
56018   0.3588
56021   0.6320
56029   0.4933
56033   0.5206
56034   0.5335
56038   0.5654
56043   0.6504
56045   0.7379
56046   0.6756
56065   0.7611
56067   0.6939
56071   0.7886
56074   0.7348
56079   0.5344
56080   0.7614
56081   0.8343
56082   0.8594
56084   0.8599
56091   0.8114
56092   0.6680
56093   0.8121
56094   0.7834
56095   0.8629
56096   0.7598
56097   0.7074
56106   0.4911
56109   0.5433
56116   0.4290
56125   0.5205
56128   0.4485
56137   0.4764
56144   0.6390
56146   0.7336
56147   0.6856
56151   0.7271
56152   0.7653
56158   0.6580
56164   0.7739
56167   0.7919
56168   0.7026
56171   0.7447
56172   0.7530
56173   0.8232
56178   0.6675
56180   0.8354
56181   0.6402
56182   0.7704
56183   0.7452
56184   0.8190
56185   0.8753
56186   0.6754
56187   0.5980
56188   0.7764
56189   0.6926
56190   0.3835
56192   0.6344
56193   0.5910
56194   0.5808
56195   0.4793
56196   0.2876
56197   0.5607
56198   0.4568
56199   0.5472
56202   0.4863
56223   0.3411
56227   0.6127
56228   0.6360
56247   0.4211
56251   0.7892
56257   0.6336
56263   0.7149
56267   0.5868
56272   0.6110
56273   0.7497
56276   0.5209
56278   0.7002
56279   0.5984
56280   0.6156
56281   0.5902
56284   0.7407
56285   0.7062
56286   0.6404
56287   0.5557
56288   0.4395
56289   0.3970
56290   0.3846
56291   0.4246
56295   0.3631
56296   0.4972
56297   0.5665
56298   0.4113
56307   0.7326
56312   0.5946
56317   0.3722
56331   0.7841
56342   0.8408
56357   0.5246
56371   0.8274
56373   0.6384
56374   0.7469
56376   0.6765
56378   0.8423
56380   0.4875
56381   0.5671
56382   0.3795
56383   0.4137
56384   0.6652
56385   0.8691
56386   0.4009
56387   0.7076
56389   0.3876
56390   0.4214
56391   0.3962
56393   0.4531
56394   0.5840
56395   0.4736
56396   0.3774
56399   0.3606
56434   0.4989
56441   0.5370
56443   0.5470
56444   0.4869
56459   0.7102
56462   0.4878
56473   0.8222
56474   0.5760
56475   0.7508
56478   0.7296
56479   0.7986
56480   0.5863
56483   0.5745
56485   0.6186
56487   0.7671
56489   0.7235
56490   0.5811
56491   0.3814
56492   0.4395
56493   0.5379
56494   0.6072
56496   0.6484
56497   0.5551
56498   0.5564
56499   0.5337
56533   0.5844
56543   0.8155
56548   0.6152
56565   0.6950
56567   0.7972
56569   0.7834
56571   0.7178
56575   0.7592
56578   0.7024
56580   0.8375
56582   0.6020
56584   0.7589
56585   0.7684
56586   0.7459
56592   0.4767
56593   0.4153
56594   0.6988
56595   0.6482
56596   0.6319
56598   0.7055
56641   0.5915
56643   0.5727
56645   0.8051
56646   0.7467
56649   0.7308
56651   0.9155
56652   0.7514
56654   0.8371
56664   0.5718
56665   0.7220
56666   0.6762
56669   0.7004
56670   0.8057
56671   0.7897
56673   0.7436
56674   0.7053
56675   0.8452
56684   0.7918
56688   0.8668
56691   0.7272
56693   0.6986
56697   0.6161
56739   0.6921
56742   0.8253
56745   0.6461
56746   0.7381
56748   0.8658
56751   0.8879
56752   0.7490
56755   0.8460
56756   0.8478
56757   0.8401
56761   0.6804
56763   0.7963
56764   0.7749
56766   0.7748
56767   0.8336
56768   0.6701
56772   0.8046
56774   0.7204
56775   0.7586
56777   0.8010
56778   0.6882
56781   0.7952
56782   0.6740
56783   0.5400
56785   0.7732
56786   0.7046
56788   0.7711
56790   0.7023
56792   0.6269
56793   0.6924
56835   0.7345
56836   0.5285
56838   0.7016
56839   0.7118
56840   0.5182
56841   0.7351
56842   0.6250
56843   0.8641
56844   0.6786
56846   0.7671
56849   0.6004
56851   0.7961
56854   0.7695
56856   0.7746
56862   0.6232
56863   0.7471
56867   0.7788
56869   0.8014
56870   0.8422
56871   0.6179
56872   0.6360
56873   0.6148
56875   0.7581
56876   0.7775
56878   0.7621
56879   0.8224
56880   0.7438
56881   0.6824
56882   0.6440
56883   0.6768
56885   0.6172
56886   0.6954
56889   0.6645
56891   0.7682
56898   0.8442
56944   0.8370
56946   0.7604
56948   0.4500
56949   0.6846
56950   0.8144
56951   0.7623
56952   0.6509
56954   0.6240
56958   0.7938
56959   0.5517
56961   0.7993
56962   0.8007
56964   0.5101
56966   0.7091
56969   0.6828
56970   0.7791
56973   0.6393
56975   0.7962
56976   0.8048
56977   0.7172
56978   0.3375
56982   0.7979
56984   0.7343
56985   0.6792
56986   0.6577
56987   0.7394
56989   0.6296
56991   0.6171
56992   0.7065
56994   0.6463
56995   0.6749
56996   0.7929
57001   0.7359
57002   0.6190
57003   0.5791
57004   0.6596
57006   0.6084
57007   0.7437
57008   0.8674
57011   0.8337
57012   0.8390
57014   0.6704
57016   0.7290
57020   0.5710
57021   0.8582
57022   0.8976
57023   0.7413
57024   0.8279
57025   0.6370
57026   0.7261
57027   0.6470
57028   0.9007
57029   0.6734
57030   0.6113
57031   0.8040
57032   0.6742
57033   0.5179
57034   0.5650
57035   0.6579
57036      nan
57037   0.5576
57038   0.6361
57039   0.7878
57040   0.6047
57041   0.3729
57042   0.7671
57043   0.6710
57044   0.8067
57045   0.4831
57046   0.8304
57047   0.7992
57048   0.6777
57049   0.8210
57051   0.3800
57052   0.8457
57053   0.7992
57054   0.6072
57055   0.8797
57056   0.4864
57057   0.8028
57060   0.8729
57061   0.7158
57063   0.7783
57065   0.6908
57066   0.7188
57067   0.7799
57070   0.5045
57071   0.4082
57072   0.5762
57074   0.6697
57075   0.6373
57076   0.2915
57077   0.8499
57078   0.7363
57079   0.3815
57080   0.5641
57081   0.5849
57082   0.7430
57083   0.6928
57084   0.8307
57085   0.7552
57086   0.5920
57087   0.5532
57088   0.6220
57089   0.6310
57090   0.4919
57091   0.3238
57093   0.4416
57094   0.4841
57095   0.6529
57096   0.4600
57098   0.5504
57099   0.4577
57102   0.6911
57105   0.8533
57106   0.7371
57110   0.6541
57111   0.7621
57113   0.7842
57119   0.6428
57123   0.5608
57124   0.8625
57126   0.6388
57127   0.3858
57128   0.4700
57129   0.7587
57131   0.2698
57132   0.5774
57134   0.8037
57137   0.8947
57140   0.8584
57143   0.7596
57144   0.7912
57153   0.8433
57154   0.8408
57155   0.8253
57156   0.3952
57162   0.6905
57169   0.5841
57173   0.7646
57175   0.5488
57176   0.7482
57177   0.7395
57178   0.5828
57179   0.7564
57180   0.5411
57181   0.6796
57182   0.7042
57183   0.7531
57184   0.6898
57185   0.7044
57186   0.5858
57187   0.6948
57188   0.5518
57189   0.6102
57190   0.5547
57191   0.4523
57192   0.5552
57193   0.4765
57194   0.5032
57195   0.4094
57196   0.5770
57197   0.6193
57198   0.5460
57204   0.7388
57206   0.6574
57208   0.5759
57211   0.7534
57213   0.3971
57216   0.3285
57217   0.4562
57231   0.6658
57232   0.5767
57233   0.7163
57237   0.7876
57238   0.7443
57242   0.8206
57245   0.5702
57247   0.7332
57248   0.7268
57249   0.8628
57251   0.6951
57253   0.7570
57254   0.7493
57256   0.7161
57257   0.6482
57259   0.8702
57260   0.5733
57261   0.5270
57265   0.5671
57268   0.4293
57271   0.5518
57273   0.6286
57274   0.6256
57278   0.3376
57279   0.5374
57281   0.7155
57285   0.7757
57290   0.6058
57292   0.5017
57293   0.4996
57294   0.6329
57295   0.5322
57296   0.5384
57297   0.5462
57298   0.4422
57299   0.5895
57303   0.3950
57304   0.5534
57306   0.2632
57307   0.3005
57308   0.4755
57309   0.4348
57313   0.5332
57314   0.1835
57315   0.3277
57317   0.3986
57318   0.3879
57320   0.6268
57324   0.6038
57326   0.4921
57328   0.3176
57329   0.6760
57333   0.6655
57338   0.4890
57339   0.3858
57343   0.8357
57345   0.6580
57348   0.6963
57349   0.6102
57355   0.6810
57358   0.5942
57359   0.7695
57361   0.8414
57362   0.7798
57363   0.7525
57368   0.7765
57370   0.5058
57377   0.5863
57378   0.5479
57381   0.6887
57385   0.7686
57386   0.6595
57387   0.7892
57388   0.4699
57389   0.4090
57390   0.7820
57395   0.7432
57396   0.7879
57398   0.5950
57399   0.6318
57401   0.4921
57402   0.3791
57405   0.3298
57407   0.4299
57408   0.3551
57409   0.3591
57411   0.2613
57413   0.6039
57414   0.5740
57415   0.5913
57416   0.7014
57417   0.3634
57420   0.5617
57425   0.6371
57426   0.6715
57431   0.6805
57432   0.4216
57437   0.4127
57438   0.6490
57439   0.7072
57445   0.7684
57447   0.4373
57453   0.4542
57458   0.7852
57460   0.6146
57461   0.4218
57462   0.7048
57464   0.7120
57465   0.4242
57466   0.4847
57469   0.5212
57475   0.5178
57476   0.4661
57477   0.3734
57481   0.5371
57482   0.5366
57483   0.4958
57485   0.4830
57486   0.4786
57489   0.4637
57491   0.5538
57492   0.6332
57493   0.4731
57494   0.6859
57495   0.6848
57496   0.5328
57498   0.4555
57499   0.7027
57502   0.6029
57503   0.4929
57505   0.5207
57506   0.5078
57507   0.4700
57508   0.4997
57509   0.7086
57510   0.4772
57511   0.6518
57512   0.5101
57513   0.4801
57514   0.5518
57516   0.4243
57517   0.4455
57518   0.4783
57519   0.6938
57520   0.3026
57522   0.3993
57523   0.6602
57525   0.7301
57536   0.5263
57537   0.5152
57540   0.6510
57541   0.6080
57543   0.5564
57544   0.7355
57545   0.6566
57554   0.4480
57558   0.7715
57562   0.4872
57564   0.5726
57565   0.4490
57566   0.4371
57571   0.4272
57573   0.4163
57574   0.3701
57575   0.3937
57577   0.3026
57581   0.5098
57582   0.5987
57583   0.4056
57584   0.5358
57585   0.6318
57586   0.6325
57589   0.7417
57590   0.5432
57595   0.7816
57596   0.8235
57598   0.6790
57600   0.4512
57603   0.3678
57604   0.3875
57605   0.7113
57606   0.7101
57608   0.5862
57609   0.5442
57612   0.5217
57614   0.7433
57623   0.6700
57625   0.5659
57633   0.7302
57634   0.5022
57635   0.5004
57636   0.4571
57637   0.5893
57640   0.6371
57642   0.5171
57643   0.7145
57646   0.8222
57647   0.7259
57649   0.7254
57655   0.5920
57657   0.5978
57658   0.5249
57661   0.5802
57662   0.4581
57663   0.2873
57666   0.4797
57669   0.7885
57671   0.2851
57673   0.4515
57674   0.3630
57678   0.3063
57679   0.2993
57680   0.3382
57682   0.6484
57687   0.3092
57688   0.5649
57694   0.8645
57696   0.6667
57698   0.6664
57699   0.5027
57707   0.7430
57708   0.6803
57710   0.6292
57712   0.5465
57713   0.5979
57714   0.6473
57717   0.4683
57718   0.7452
57719   0.6794
57720   0.6125
57722   0.7376
57723   0.6743
57728   0.7902
57729   0.7329
57731   0.5745
57732   0.6484
57734   0.7021
57735   0.6699
57736   0.7041
57737   0.8105
57738   0.7857
57739   0.7324
57740   0.7390
57741   0.6063
57742   0.6931
57743   0.6470
57744   0.7475
57745   0.7388
57749   0.7027
57752   0.6094
57754   0.7176
57758   0.7275
57760   0.5794
57761   0.6420
57762   0.5899
57763   0.3467
57766   0.3398
57767   0.5586
57768   0.5568
57769   0.6538
57771   0.4524
57772   0.4770
57773   0.2957
57774   0.6253
57776   0.8420
57777   0.4132
57778   0.4972
57779   0.5695
57780   0.2256
57781   0.3705
57783   0.6321
57786   0.4729
57789   0.5791
57792   0.5828
57793   0.4900
57794   0.6403
57796   0.6218
57798   0.6876
57799   0.3939
57800   0.8120
57803   0.6390
57805   0.6560
57806   0.6601
57807   0.5983
57808   0.6790
57809   0.7395
57811   0.7334
57813   0.6603
57814   0.6096
57816   0.5714
57818   0.6696
57821   0.7387
57822   0.6802
57824   0.7933
57825   0.6911
57827   0.7707
57828   0.7380
57829   0.6989
57832   0.7749
57834   0.8063
57835   0.7773
57837   0.8733
57839   0.7419
57840   0.7710
57841   0.7690
57842   0.7489
57844   0.7256
57845   0.7594
57846   0.7754
57851   0.8175
57853   0.6286
57857   0.7795
57859   0.8711
57860   0.5436
57865   0.5142
57866   0.4495
57867   0.6579
57868   0.5380
57870   0.5103
57871   0.2902
57872   0.3057
57874   0.3489
57875   0.3023
57876   0.3337
57881   0.4689
57882   0.4057
57883   0.7518
57886   0.8071
57887   0.4361
57889   0.8418
57891   0.7746
57894   0.6969
57895   0.6003
57896   0.6758
57899   0.4485
57900   0.6386
57902   0.7029
57903   0.6848
57905   0.6681
57906   0.7772
57907   0.6669
57908   0.7208
57909   0.7865
57910   0.6896
57911   0.5833
57912   0.7144
57913   0.8475
57914   0.5783
57915   0.6439
57916   0.6296
57921   0.7818
57922   0.7072
57923   0.6827
57926   0.7930
57927   0.7101
57932   0.7602
57936   0.6895
57941   0.6144
57942   0.7338
57947   0.6632
57948   0.6218
57949   0.7728
57954   0.4976
57955   0.6429
57956   0.6719
57957   0.5827
57958   0.6521
57960   0.6704
57962   0.7404
57964   0.8548
57965   0.4822
57966   0.5143
57969   0.7935
57971   0.6313
57972   0.5660
57973   0.4692
57974   0.6252
57975   0.7419
57976   0.7274
57978   0.8253
57981   0.6735
57985   0.7066
57988   0.7462
57989   0.7250
57990   0.8578
57991   0.7163
57992   0.5583
57993   0.5801
57994   0.8277
57995   0.5993
57996   0.7691
58001   0.6402
58002   0.5332
58003   0.4737
58004   0.5894
58005   0.6551
58006   0.5839
58007   0.5688
58008   0.6290
58011   0.5437
58012   0.7111
58013   0.5931
58015   0.5957
58016   0.6449
58017   0.6592
58020   0.6329
58021   0.5036
58022   0.6484
58024   0.7768
58025   0.7422
58026   0.6682
58027   0.6255
58030   0.6618
58032   0.5568
58034   0.5655
58035   0.6400
58036   0.6069
58038   0.5009
58040   0.6321
58041   0.8186
58044   0.6061
58045   0.5925
58047   0.5452
58048   0.5016
58049   0.6283
58100   0.4760
58101   0.5151
58102   0.5249
58104   0.5257
58107   0.4413
58108   0.4954
58109   0.5361
58111   0.6341
58112   0.7989
58113   0.6364
58114   0.5294
58116   0.6215
58117   0.4686
58118   0.4906
58122   0.6468
58125   0.5257
58126   0.5216
58127   0.4762
58128   0.5327
58129   0.5796
58130   0.5218
58131   0.5523
58132   0.5161
58135   0.6105
58138   0.5794
58139   0.6166
58140   0.5114
58141   0.5516
58143   0.5040
58145   0.5925
58146   0.5296
58147   0.6554
58148   0.6354
58150   0.5610
58154   0.5963
58158   0.5607
58202   0.5284
58203   0.5585
58205   0.4807
58207   0.5010
58208   0.5050
58210   0.5189
58212   0.4616
58214   0.4705
58215   0.6718
58220   0.5000
58221   0.6333
58222   0.7371
58223   0.4841
58224   0.5253
58225   0.6530
58230   0.4828
58234   0.6547
58235   0.5725
58236   0.7318
58237   0.5313
58238   0.4411
58240   0.5851
58241   0.5833
58242   0.6665
58243   0.6400
58244   0.6216
58245   0.6217
58246   0.5286
58247   0.6079
58249   0.5548
58250   0.4172
58251   0.4960
58252   0.6924
58254   0.5179
58255   0.4720
58257   0.5310
58259   0.5275
58264   0.5309
58265   0.6763
58268   0.5601
58269   0.6041
58301   0.6566
58306   0.7431
58311   0.3430
58314   0.6860
58316   0.5242
58317   0.8566
58319   0.7600
58320   0.7623
58321   0.6866
58323   0.4420
58326   0.6423
58327   0.5155
58329   0.6146
58330   0.7052
58331   0.4153
58334   0.4857
58335   0.5233
58336   0.5832
58337   0.5928
58338   0.5082
58339   0.5447
58340   0.7030
58341   0.3566
58342   0.4943
58343   0.4987
58344   0.6166
58345   0.6162
58346   0.8564
58349   0.5269
58351   0.5273
58352   0.4586
58353   0.3888
58354   0.5554
58356   0.4638
58358   0.6057
58359   0.5956
58360   0.5317
58361   0.5077
58362   0.6787
58365   0.4354
58366   0.7481
58367   0.3635
58369   0.6282
58370   0.5561
58377   0.5195
58401   0.5020
58402   0.7808
58404   0.4606
58407   0.5561
58408   0.5846
58409   0.6693
58414   0.4994
58415   0.5934
58416   0.4380
58417   0.4060
58418   0.3227
58419   0.6926
58420   0.4971
58421   0.7770
58423   0.7998
58424   0.6263
58426   0.8621
58427   0.7153
58428   0.8090
58429   0.5889
58431   0.5997
58432   0.7434
58433   0.6176
58435   0.8173
58436   0.7178
58437   0.8761
58438   0.8110
58441   0.8223
58442   0.6133
58443   0.6556
58446   0.8134
58448   0.7643
58449   0.6250
58450   0.6537
58451   0.5922
58452   0.5395
58453   0.5092
58454   0.5763
58455   0.6891
58456   0.5335
58457   0.4995
58458   0.5963
58459   0.5192
58460   0.8055
58461   0.6310
58462   0.4859
58463   0.6237
58464   0.7355
58467   0.5434
58468   0.6406
58472   0.8367
58477   0.8228
58484   0.7914
58500   0.4918
58501   0.5500
58502   0.5988
58503   0.6402
58505   0.7491
58506   0.8793
58507   0.7547
58508   0.4541
58509   0.3626
58510   0.4990
58512   0.5553
58514   0.7923
58517   0.5268
58519   0.4166
58520   0.8127
58523   0.8569
58524   0.6127
58527   0.5554
58529   0.7528
58530   0.7157
58531   0.6431
58534   0.6963
58537   0.7969
58542   0.7814
58543   0.6482
58544   0.7794
58546   0.7603
58547   0.6219
58548   0.6537
58549   0.6107
58550   0.5970
58553   0.5573
58555   0.5567
58556   0.4986
58557   0.5853
58558   0.5556
58559   0.8101
58560   0.8024
58561   0.6437
58562   0.6139
58563   0.7729
58565   0.6362
58566   0.6583
58567   0.6975
58568   0.7919
58569   0.6501
58570   0.8057
58600   0.4811
58601   0.5721
58602   0.7526
58605   0.4824
58606   0.4584
58607   0.3950
58608   0.4685
58609   0.4090
58612   0.3760
58614   0.4536
58615   0.7435
58616   0.4882
58618   0.6130
58619   0.4524
58620   0.6044
58622   0.6568
58623   0.6342
58624   0.5644
58625   0.5931
58626   0.6265
58627   0.4720
58629   0.6004
58631   0.7041
58632   0.6847
58633   0.6021
58634   0.6694
58635   0.5862
58637   0.5685
58642   0.7389
58643   0.6071
58644   0.7576
58646   0.6860
58647   0.8296
58652   0.7598
58654   0.7607
58656   0.7035
58657   0.7691
58658   0.7196
58659   0.5215
58660   0.6679
58664   0.6891
58665   0.4923
58666   0.7741
58667   0.7711
58693   0.7457
58701   0.5216
58704   0.5706
58705   0.5231
58706   0.6244
58707   0.5929
58710   0.6844
58712   0.5693
58713   0.8147
58714   0.7303
58715   0.5825
58718   0.6511
58719   0.5447
58724   0.7863
58725   0.7320
58730   0.7396
58731   0.6878
58734   0.5756
58735   0.6151
58736   0.6545
58737   0.6635
58742   0.7691
58744   0.6949
58745   0.8531
58746   0.8318
58747   0.5790
58748   0.6576
58749   0.6849
58750   0.8001
58751   0.6128
58752   0.5910
58754   0.7101
58760   0.7344
58804   0.6758
58806   0.6617
58813   0.6703
58814   0.7382
58818   0.7147
58819   0.7539
58820   0.6825
58821   0.7009
58822   0.8197
58823   0.6811
58824   0.8064
58826   0.6531
58828   0.7098
58834   0.6659
58836   0.7300
58837   0.7619
58839   0.7310
58843   0.6796
58844   0.6734
58845   0.7954
58846   0.6995
58847   0.5425
58848   0.6569
58850   0.6401
58903   0.4895
58905   0.5042
58906   0.7571
58907   0.8523
58911   0.7401
58912   0.6230
58917   0.6373
58918   0.6622
58921   0.7450
58923   0.8326
58926   0.5918
58927   0.7200
58928   0.7967
58929   0.6759
58931   0.8697
58932   0.8051
58933   0.6903
58934   0.7513
58935   0.7360
58936   0.5981
58938   0.6159
58940   0.5191
58941   0.5106
58942   0.5758
58944   0.7234
58946   0.6160
59001   0.7171
59004   0.7340
59007   0.6684
59012   0.7171
59015   0.8065
59017   0.7455
59021   0.8051
59022   0.7236
59023   0.6195
59025   0.6957
59027   0.7359
59031   0.6305
59033   0.6992
59034   0.5868
59037   0.6488
59038   0.7408
59041   0.5544
59044   0.5015
59045   0.5647
59046   0.5522
59047   0.5225
59051   0.6284
59052   0.6969
59053   0.6931
59055   0.6551
59057   0.8106
59058   0.7275
59059   0.7022
59061   0.7785
59063   0.6793
59064   0.7353
59065   0.6846
59071   0.7762
59072   0.7981
59074   0.8922
59075   0.6809
59081   0.7278
59082   0.6738
59087   0.7286
59088   0.6468
59090   0.7412
59091   0.8512
59092   0.7558
59093   0.6623
59094   0.7049
59096   0.8280
59097   0.8538
59099   0.8319
59102   0.8272
59106   0.7744
59107   0.6369
59109   0.5799
59113   0.6336
59114   0.7012
59116   0.6468
59117   0.6103
59122   0.5705
59124   0.6981
59125   0.8011
59126   0.6219
59127   0.6628
59129   0.7829
59130   0.7440
59131   0.6421
59133   0.7417
59134   0.6382
59137   0.5976
59205   0.8101
59209   0.7764
59211   0.6827
59213   0.6901
59215   0.7433
59218   0.7488
59224   0.6019
59227   0.7540
59228   0.6056
59229   0.6228
59230   0.6743
59235   0.7840
59237   0.5340
59238   0.5390
59241   0.6411
59242   0.6276
59246   0.5190
59249   0.5829
59254   0.6653
59255   0.5570
59256   0.5475
59264   0.6161
59265   0.5779
59266   0.6459
59268   0.6194
59269   0.6274
59270   0.4741
59271   0.7062
59276   0.6724
59278   0.6417
59279   0.3518
59280   0.5821
59284   0.3994
59285   0.5753
59287   0.6417
59288   0.2739
59289   0.4395
59290   0.7434
59293   0.6579
59294   0.7062
59297   0.6498
59298   0.5918
59303   0.4841
59304   0.6711
59306   0.6879
59310   0.7692
59312   0.6962
59313   0.6843
59314   0.5831
59315   0.6051
59316   0.6316
59317   0.6172
59318   0.6706
59319   0.7262
59320   0.7887
59321   0.7384
59322   0.7534
59324   0.8371
59417   0.6739
59419   0.5780
59421   0.7866
59425   0.6086
59426   0.5795
59427   0.6696
59429   0.7585
59431   0.6479
59432      nan
59435   0.5759
59441   0.5589
59446   0.6807
59448   0.7071
59449   0.6151
59451   0.6452
59452   0.5746
59453   0.5711
59454   0.5718
59456   0.5390
59457   0.6471
59462   0.5265
59469   0.5708
59470   0.6215
59471   0.6259
59473   0.5248
59475   0.6546
59476   0.5564
59477   0.6489
59478   0.5746
59480   0.3621
59481   0.4474
59485   0.4153
59487   0.4792
59488   0.6436
59492   0.5801
59493   0.3791
59500   0.7496
59501   0.5561
59502   0.6435
59626   0.7563
59631   0.6763
59632   0.6308
59635   0.6911
59640   0.5641
59644   0.7481
59647   0.7641
59650   0.5712
59653   0.5662
59654   0.5997
59655   0.5606
59656   0.6158
59658   0.6158
59659   0.6110
59663   0.5532
59664   0.5768
59673   0.6755
59750   0.6373
59754   0.7616
59757   0.7904
59758   0.7995
59838   0.7466
59842   0.7847
59843   0.7861
59845   0.7236
59847   0.7500
59848   0.8077
59849   0.7399
59851   0.7455
59854   0.7061
59855   0.6656
59856   0.7644
59940   0.7434
59941   0.7660
59945   0.7877
59948   0.5948
59951   0.6249
59954   0.7558
59981   0.6692
