# stid, ec-ncep cov
50136   0.7683
50137   0.7347
50246   0.7873
50247   0.8600
50349   0.8679
50353   0.7590
50425   0.3198
50431   0.6384
50434   0.7025
50442   0.7499
50445   0.7370
50468   0.4349
50514   0.5715
50524   0.3680
50525   0.2111
50526   0.4985
50527   0.1714
50548   0.7390
50557   0.3848
50564   0.5850
50566   0.3641
50603   0.5198
50618   0.3224
50632   0.7179
50639   0.6176
50645   0.3748
50646   0.1817
50647   0.3993
50655   0.5203
50656   0.2800
50658   0.1154
50659   0.1344
50673   0.6883
50674   0.8610
50727   0.7243
50739   0.4151
50741   0.3611
50742   0.3406
50745   0.4707
50749   0.4120
50750   0.2440
50755   0.2556
50756   0.2296
50758   0.2778
50767   0.2839
50772   0.8132
50774   0.7780
50775   0.6812
50776   0.4795
50778   0.1583
50779   0.4496
50787   0.3210
50788   0.2633
50832   0.7013
50833   0.4238
50834   0.7114
50838   0.5196
50842   0.4369
50844   0.5729
50850   0.3241
50851   0.2846
50852   0.1969
50853   0.0671
50854   0.3413
50858   0.4293
50859   0.3135
50861   0.5799
50862   0.4784
50867   0.3564
50871   0.5467
50873   0.5961
50877   0.5138
50878   0.3315
50879   0.4179
50880   0.6539
50884   0.5767
50888   0.6625
50892   0.6436
50913   0.3206
50915   0.4453
50924   0.4488
50928   0.6851
50934   0.5329
50936   0.4933
50937   0.5387
50939   0.4907
50940   0.4862
50945   0.4088
50946   0.3903
50948   0.3869
50949   0.4862
50950   0.2876
50953   0.2514
50954   0.3426
50955   0.3703
50956   0.2323
50958   0.3922
50960   0.6067
50962   0.6836
50963   0.4703
50964   0.4521
50965   0.5778
50968   0.4717
50971   0.8064
50973   0.6052
50978   0.4722
50979   0.7762
50983   0.3870
50985   0.4968
50987   0.5337
51053   0.4659
51058   0.6995
51059   0.6427
51060   0.7170
51068   0.5396
51076   0.7079
51087   0.7563
51133   0.5395
51137   0.6805
51145   0.5691
51156   0.6946
51186   0.8928
51232   0.6947
51238   0.7931
51241   0.7561
51243   0.7551
51288   0.5760
51328   0.5629
51329   0.3999
51330   0.8689
51334   0.7608
51346   0.6720
51352   0.6530
51353   0.7050
51356   0.7318
51357   0.5651
51358   0.7146
51359   0.6370
51365   0.6490
51367   0.6621
51368   0.7296
51369   0.5706
51377   0.7591
51378   0.5641
51379   0.7106
51430   0.6607
51431   0.6952
51433   0.7586
51434   0.6249
51435   0.7488
51436   0.5800
51437   0.4883
51438   0.6363
51463   0.7355
51465   0.5836
51467   0.8845
51468   0.6910
51469   0.6760
51470   0.7728
51477   0.8578
51482   0.6908
51495   0.5981
51526   0.8806
51542   0.8956
51559   0.8612
51567   0.7651
51568   0.8235
51571   0.7549
51572   0.7841
51573   0.5914
51581   0.6581
51627   0.8913
51628   0.7145
51629   0.7721
51633   0.8646
51636   0.8064
51639   0.7931
51642   0.8061
51644   0.8566
51655   0.8243
51656   0.9051
51701   0.7426
51704   0.8419
51705   0.8437
51707   0.7249
51708   0.7325
51709   0.7098
51711   0.7707
51716   0.8157
51717   0.6351
51720   0.8341
51722   0.7283
51730   0.8060
51747   0.9006
51765   0.8710
51777   0.9030
51802   0.6589
51804   0.8471
51810   0.7336
51811   0.6437
51814   0.6089
51815   0.5964
51818   0.7548
51826   0.7874
51827   0.8885
51828   0.6479
51829   0.7089
51839   0.7851
51855   0.8016
51886   0.7610
51931   0.6730
52101   0.8984
52112   0.6409
52118   0.7986
52203   0.7868
52267   0.6439
52313   0.7475
52323   0.7727
52418   0.8380
52424   0.6961
52436   0.7885
52446   0.7643
52447   0.6671
52495   0.8762
52515   0.8335
52533   0.5958
52546   0.8194
52557   0.7033
52575   0.8434
52576   0.7746
52602   0.8187
52607   0.8002
52633   0.7604
52643   0.8445
52645   0.8300
52652   0.7771
52656   0.6201
52657   0.7171
52661   0.6224
52674   0.7679
52679   0.8104
52681   0.7495
52707   0.8547
52713   0.8438
52737   0.6615
52745   0.7668
52754   0.5856
52765   0.7826
52784   0.6650
52787   0.7191
52797   0.6533
52818   0.7874
52825   0.7588
52833   0.6910
52836   0.6871
52842   0.8170
52853   0.8782
52855   0.8667
52856   0.7744
52862   0.8358
52863   0.7352
52866   0.4555
52868   0.8181
52869   0.5836
52874   0.7265
52875   0.6647
52876   0.6314
52877   0.8308
52881   0.8433
52884   0.8910
52885   0.7288
52889   0.7692
52895   0.7878
52896   0.7437
52908   0.6290
52943   0.8754
52955   0.7608
52957   0.7409
52963   0.7000
52968   0.7413
52972   0.8254
52974   0.7179
52978   0.8034
52980   0.7894
52981   0.6978
52982   0.8366
52983   0.8324
52984   0.8353
52985   0.8832
52986   0.8985
52988   0.8301
52993   0.8726
52995   0.7982
52996   0.7556
52998   0.8198
53068   0.6898
53083   0.5488
53149   0.6299
53192   0.5845
53195   0.6613
53272   0.7196
53276   0.7396
53289   0.7799
53324   0.8076
53336   0.6682
53337   0.6026
53343   0.6397
53348   0.7116
53352   0.7096
53357   0.6899
53362   0.8346
53367   0.7675
53368   0.7562
53378   0.7502
53384   0.7776
53385   0.7149
53391   0.6005
53392   0.7863
53397   0.7945
53399   0.8192
53419   0.6661
53420   0.6362
53433   0.5693
53446   0.7256
53455   0.5948
53457   0.6851
53463   0.6082
53464   0.6925
53466   0.5297
53467   0.6982
53469   0.6919
53472   0.8673
53475   0.8112
53478   0.8400
53480   0.7311
53481   0.8055
53483   0.6924
53484   0.7524
53486   0.7902
53487   0.7825
53488   0.7572
53490   0.7694
53491   0.7245
53492   0.6936
53498   0.7773
53499   0.6145
53502   0.7793
53505   0.7639
53512   0.7930
53513   0.6575
53517   0.8334
53518   0.9041
53519   0.7988
53522   0.8271
53529   0.7912
53533   0.7376
53543   0.6048
53545   0.7096
53547   0.8494
53553   0.5951
53562   0.8141
53564   0.6263
53565   0.7331
53567   0.6668
53573   0.6834
53574   0.7624
53575   0.7576
53576   0.7289
53577   0.7392
53578   0.8343
53579   0.8415
53580   0.5873
53582   0.8060
53584   0.6778
53585   0.8095
53588   0.7048
53590   0.8306
53593   0.8596
53594   0.8830
53596   0.6860
53599   0.8642
53602   0.7623
53603   0.7867
53610   0.7406
53611   0.7849
53612   0.7720
53614   0.7579
53615   0.7474
53617   0.7457
53618   0.7175
53619   0.8382
53644   0.6644
53646   0.7121
53651   0.7246
53658   0.7264
53659   0.5418
53660   0.7260
53662   0.8519
53663   0.7957
53664   0.5366
53665   0.8576
53666   0.8123
53669   0.8432
53673   0.6084
53674   0.5399
53676   0.7284
53677   0.7290
53678   0.7912
53679   0.8143
53680   0.6099
53681   0.9159
53682   0.7060
53685   0.7439
53687   0.7396
53688   0.5961
53689   0.2983
53690   0.8251
53691   0.4358
53692   0.5684
53693   0.6379
53694   0.5056
53695   0.5665
53696   0.4776
53697   0.4185
53698   0.6398
53699   0.5429
53704   0.8103
53705   0.7321
53707   0.7863
53723   0.8281
53725   0.7921
53727   0.5958
53730   0.8136
53732   0.8470
53735   0.7433
53738   0.9073
53740   0.8073
53748   0.8261
53750   0.7867
53751   0.7671
53753   0.4963
53754   0.7359
53756   0.6298
53757   0.8149
53759   0.6458
53760   0.7150
53763   0.8472
53764   0.6983
53767   0.7466
53768   0.6950
53769   0.7688
53770   0.5723
53771   0.6965
53772   0.6623
53773   0.5151
53774   0.6289
53775   0.6801
53776   0.6453
53777   0.7029
53778   0.6692
53780   0.8453
53781   0.6542
53782   0.7234
53783   0.8039
53784   0.5934
53785   0.5368
53786   0.9151
53787   0.8238
53788   0.9090
53789   0.4955
53790   0.5827
53791   0.6304
53792   0.5660
53794   0.4605
53795   0.6007
53796   0.4454
53797   0.5273
53798   0.3311
53799   0.2932
53806   0.7120
53810   0.6995
53817   0.6524
53821   0.8397
53829   0.8437
53832   0.8994
53841   0.8846
53845   0.8074
53848   0.8943
53850   0.8351
53852   0.8246
53853   0.7723
53854   0.8646
53856   0.8223
53857   0.8476
53859   0.7631
53860   0.7071
53861   0.6879
53862   0.8092
53863   0.7918
53864   0.8325
53865   0.5418
53866   0.7076
53868   0.6245
53869   0.7150
53871   0.6247
53872   0.7249
53873   0.7767
53874   0.7704
53875   0.8541
53877   0.8110
53878   0.7233
53879   0.6665
53880   0.5047
53881   0.7947
53882   0.5279
53883   0.4290
53884   0.7477
53885   0.5043
53886   0.7137
53888   0.7910
53889   0.6959
53890   0.6289
53891   0.5105
53892   0.4542
53893   0.3613
53894   0.5236
53895   0.3486
53896   0.3716
53897   0.4945
53898   0.2848
53899   0.3113
53903   0.8498
53906   0.8198
53908   0.8758
53910   0.7486
53914   0.7157
53915   0.7132
53916   0.8057
53917   0.8158
53923   0.5737
53924   0.8902
53925   0.5011
53926   0.8766
53927   0.8673
53928   0.8316
53929   0.7273
53930   0.8356
53931   0.8995
53934   0.6832
53935   0.5889
53937   0.7837
53938   0.6888
53941   0.7065
53942   0.7914
53944   0.8660
53945   0.7441
53946   0.8300
53947   0.7560
53948   0.8357
53949   0.7834
53950   0.7930
53953   0.7219
53954   0.7184
53955   0.7325
53956   0.6329
53957   0.6396
53958   0.6815
53959   0.7353
53961   0.5610
53962   0.6077
53963   0.6251
53964   0.5519
53965   0.4781
53966   0.5718
53967   0.7616
53968   0.8096
53970   0.8390
53972   0.7140
53973   0.7438
53974   0.5923
53975   0.8385
53976   0.6916
53978   0.7592
53979   0.6464
53980   0.4244
53981   0.5658
53982   0.6449
53983   0.5218
53984   0.6835
53985   0.7131
53986   0.6267
53987   0.6090
53988   0.6384
53989   0.5506
53991   0.5428
53992   0.4737
53993   0.4654
53994   0.5124
53995   0.3294
53996   0.4403
53997   0.4233
53998   0.3743
54012   0.7236
54024   0.7508
54026   0.6315
54027   0.6307
54031   0.6809
54039   0.4263
54041   0.4890
54047   0.5137
54049   0.4157
54063   0.5447
54064   0.6411
54065   0.4971
54069   0.5626
54072   0.4967
54076   0.5925
54080   0.3613
54092   0.6317
54093   0.7795
54094   0.6562
54096   0.7130
54098   0.6621
54099   0.7380
54102   0.6033
54113   0.7592
54115   0.8134
54117   0.7727
54122   0.5965
54132   0.6159
54134   0.5253
54135   0.4201
54142   0.6228
54154   0.6035
54155   0.5530
54156   0.6027
54157   0.7251
54161   0.5016
54164   0.6278
54165   0.5687
54169   0.7164
54171   0.7629
54172   0.4929
54181   0.7730
54186   0.7036
54187   0.8850
54192   0.9049
54195   0.7902
54204   0.6928
54205   0.6570
54208   0.7904
54213   0.8044
54214   0.8368
54218   0.6516
54223   0.4973
54225   0.8013
54226   0.7797
54231   0.5567
54234   0.6115
54236   0.5991
54237   0.7597
54243   0.5515
54244   0.5941
54245   0.6360
54248   0.6056
54249   0.6404
54252   0.8363
54254   0.6560
54259   0.8584
54260   0.6680
54261   0.8426
54263   0.7793
54266   0.6488
54267   0.8139
54273   0.6996
54274   0.7470
54276   0.8973
54279   0.8080
54284   0.6781
54285   0.8479
54286   0.8338
54290   0.8252
54291   0.7976
54292   0.7544
54293   0.8009
54301   0.7651
54304   0.8189
54305   0.6341
54308   0.8623
54311   0.7665
54313   0.7673
54316   0.8327
54318   0.8226
54319   0.7665
54320   0.7354
54321   0.8256
54323   0.6641
54324   0.7167
54325   0.8537
54326   0.6526
54327   0.8002
54328   0.7425
54330   0.5241
54331   0.5776
54332   0.5773
54333   0.5284
54334   0.7069
54335   0.5783
54336   0.5732
54337   0.5536
54338   0.4861
54339   0.6075
54340   0.5994
54342   0.7256
54345   0.6451
54346   0.7793
54347   0.6773
54348   0.6572
54349   0.8263
54351   0.7382
54353   0.7685
54362   0.8216
54363   0.7540
54365   0.8155
54371   0.8050
54374   0.7629
54377   0.7549
54386   0.7645
54398   0.5190
54399   0.7121
54401   0.6860
54404   0.8926
54405   0.6704
54406   0.8044
54408   0.6754
54410   0.7089
54412   0.8567
54416   0.7116
54419   0.7247
54420   0.7614
54421   0.7227
54423   0.6584
54424   0.7643
54425   0.7938
54428   0.6599
54429   0.6773
54430   0.7749
54431   0.6378
54432   0.7784
54433   0.5334
54434   0.7565
54436   0.8127
54437   0.6572
54438   0.6335
54439   0.7509
54449   0.7661
54452   0.6713
54453   0.7291
54454   0.7862
54455   0.8082
54470   0.4363
54471   0.5411
54472   0.6639
54474   0.6922
54475   0.6156
54476   0.7921
54483   0.8519
54486   0.8461
54493   0.7448
54494   0.7634
54497   0.5796
54499   0.7416
54501   0.8959
54502   0.5535
54503   0.5756
54505   0.6898
54506   0.4884
54507   0.6596
54510   0.6629
54511   0.5710
54512   0.7062
54513   0.7053
54514   0.6937
54515   0.5538
54517   0.4269
54518   0.6446
54519   0.6150
54520   0.6009
54521   0.6400
54522   0.7285
54523   0.5635
54525   0.6146
54526   0.4825
54527   0.5336
54528   0.7095
54529   0.6166
54530   0.5536
54531   0.5924
54532   0.6120
54533   0.6342
54534   0.6258
54535   0.6452
54539   0.5812
54540   0.7380
54541   0.6264
54563   0.5219
54568   0.6755
54569   0.6929
54575   0.6697
54579   0.5479
54584   0.7193
54590   0.6205
54594   0.7334
54596   0.7289
54597   0.7874
54601   0.5222
54602   0.6343
54603   0.4531
54604   0.5651
54605   0.4126
54606   0.4855
54607   0.5758
54608   0.3863
54609   0.4439
54610   0.2831
54611   0.5590
54612   0.5124
54613   0.3061
54614   0.4871
54615   0.4330
54616   0.5928
54617   0.3237
54618   0.2681
54619   0.3812
54620   0.4283
54621   0.4494
54622   0.6446
54623   0.6783
54624   0.5318
54626   0.5633
54627   0.4726
54628   0.6112
54631   0.4436
54632   0.2817
54633   0.4992
54636   0.4136
54640   0.4409
54644   0.4372
54645   0.5694
54660   0.6729
54662   0.7183
54700   0.3831
54701   0.3579
54702   0.3412
54703   0.4463
54704   0.5024
54705   0.3275
54706   0.5430
54707   0.3329
54708   0.3185
54709   0.4273
54710   0.4904
54711   0.2922
54712   0.2820
54713   0.3041
54714   0.4019
54715   0.3902
54716   0.3711
54717   0.3230
54718   0.4104
54719   0.5474
54722   0.3529
54723   0.5026
54724   0.4851
54725   0.3939
54726   0.3924
54727   0.5223
54728   0.4052
54729   0.4860
54730   0.5417
54731   0.4149
54732   0.4520
54734   0.5728
54736   0.4867
54737   0.5357
54738   0.5029
54744   0.4204
54749   0.6394
54751   0.7829
54752   0.7516
54753   0.7909
54755   0.7336
54759   0.5726
54764   0.7236
54765   0.6538
54766   0.7088
54774   0.7907
54776   0.7088
54777   0.4846
54778   0.6028
54800   0.4627
54801   0.4858
54802   0.4502
54803   0.3192
54804   0.4918
54805   0.5579
54806   0.4337
54807   0.4902
54808   0.4096
54809   0.3347
54810   0.3386
54811   0.4369
54812   0.5745
54814   0.4906
54815   0.5349
54816   0.6220
54817   0.4071
54818   0.3014
54819   0.6955
54820   0.3138
54821   0.4935
54822   0.5719
54823   0.5705
54824   0.5841
54825   0.6030
54826   0.8301
54827   0.7706
54828   0.6408
54829   0.5855
54830   0.5666
54831   0.6749
54832   0.5393
54833   0.4412
54834   0.5021
54835   0.6199
54836   0.7959
54837   0.5667
54841   0.5490
54842   0.5644
54843   0.5678
54844   0.6953
54846   0.5501
54848   0.7363
54849   0.5523
54851   0.6216
54852   0.7189
54853   0.6860
54855   0.6122
54857   0.6265
54861   0.7962
54863   0.6895
54871   0.6842
54900   0.4767
54901   0.3955
54902   0.3969
54903   0.4361
54904   0.4628
54905   0.3927
54906   0.4297
54907   0.6033
54908   0.3044
54909   0.5017
54910   0.5244
54911   0.6277
54912   0.6731
54913   0.6968
54914   0.5446
54915   0.5318
54916   0.6913
54917   0.5983
54918   0.5961
54919   0.6527
54920   0.6962
54921   0.6644
54922   0.7154
54923   0.6809
54925   0.7214
54927   0.6917
54929   0.6947
54932   0.6501
54935   0.7734
54936   0.7503
54938   0.5633
54939   0.6491
54940   0.7037
54943   0.7576
54945   0.7027
55228   0.6871
55248   0.8589
55279   0.8284
55294   0.6718
55299   0.5223
55437   0.6397
55472   0.7472
55493   0.6402
55569   0.8291
55572   0.7560
55578   0.8541
55585   0.8793
55589   0.8550
55591   0.7237
55593   0.7463
55597   0.8640
55598   0.7571
55655   0.7766
55664   0.8631
55680   0.8639
55681   0.8509
55690   0.8571
55696   0.8449
55773   0.8649
56004   0.5984
56016   0.6856
56018   0.5705
56021   0.6628
56029   0.6849
56033   0.5443
56034   0.6796
56038   0.6554
56043   0.7907
56045   0.7624
56046   0.6844
56065   0.7820
56067   0.7781
56071   0.8320
56074   0.6825
56079   0.5057
56080   0.8282
56081   0.8566
56082   0.8966
56084   0.8443
56091   0.8383
56092   0.7929
56093   0.8346
56094   0.8047
56095   0.8432
56096   0.8165
56097   0.8364
56106   0.4712
56109   0.5839
56116   0.5215
56125   0.7297
56128   0.7646
56137   0.7461
56144   0.6431
56146   0.7459
56147   0.7606
56151   0.7460
56152   0.7988
56158   0.7881
56164   0.8067
56167   0.7854
56168   0.7304
56171   0.7689
56172   0.7450
56173   0.8493
56178   0.7742
56180   0.8317
56181   0.7028
56182   0.8424
56183   0.8111
56184   0.8507
56185   0.8603
56186   0.6640
56187   0.6653
56188   0.7475
56189   0.6713
56190   0.5867
56192   0.7443
56193   0.7178
56194   0.6103
56195   0.6557
56196   0.4875
56197   0.6000
56198   0.6027
56199   0.6405
56202   0.4623
56223   0.7982
56227   0.7434
56228   0.7943
56247   0.7781
56251   0.8040
56257   0.7959
56263   0.7883
56267   0.6450
56272   0.6425
56273   0.7671
56276   0.6309
56278   0.6777
56279   0.6486
56280   0.5325
56281   0.5469
56284   0.7519
56285   0.7141
56286   0.6532
56287   0.3399
56288   0.6048
56289   0.5098
56290   0.5103
56291   0.5876
56295   0.5584
56296   0.5552
56297   0.6220
56298   0.5811
56307   0.7787
56312   0.7646
56317   0.7897
56331   0.9066
56342   0.8301
56357   0.7888
56371   0.8162
56373   0.6555
56374   0.8288
56376   0.6738
56378   0.8267
56380   0.4352
56381   0.4947
56382   0.4915
56383   0.5114
56384   0.5725
56385   0.8775
56386   0.3960
56387   0.6131
56389   0.5027
56390   0.5896
56391   0.4873
56393   0.5537
56394   0.5893
56395   0.5599
56396   0.5187
56399   0.5388
56434   0.6492
56441   0.7054
56443   0.7831
56444   0.6951
56459   0.7274
56462   0.7150
56473   0.8196
56474   0.7517
56475   0.8049
56478   0.7533
56479   0.8008
56480   0.6718
56483   0.5176
56485   0.5744
56487   0.8020
56489   0.6439
56490   0.5715
56491   0.3882
56492   0.4259
56493   0.6123
56494   0.5687
56496   0.7463
56497   0.6140
56498   0.5680
56499   0.5331
56533   0.6961
56543   0.8720
56548   0.5891
56565   0.7747
56567   0.7915
56569   0.7936
56571   0.7422
56575   0.8045
56578   0.7882
56580   0.7937
56582   0.6798
56584   0.7774
56585   0.7059
56586   0.7042
56592   0.5727
56593   0.5107
56594   0.7657
56595   0.6486
56596   0.6804
56598   0.7270
56641   0.6219
56643   0.6150
56645   0.6967
56646   0.6778
56649   0.7845
56651   0.8757
56652   0.7907
56654   0.7944
56664   0.7116
56665   0.7067
56666   0.7114
56669   0.7567
56670   0.7924
56671   0.7862
56673   0.7800
56674   0.7189
56675   0.8442
56684   0.7592
56688   0.8826
56691   0.4944
56693   0.6981
56697   0.5768
56739   0.7283
56742   0.7432
56745   0.6766
56746   0.7935
56748   0.8162
56751   0.8381
56752   0.7427
56755   0.8095
56756   0.8174
56757   0.7332
56761   0.7782
56763   0.8260
56764   0.7895
56766   0.7717
56767   0.8486
56768   0.6501
56772   0.8099
56774   0.7060
56775   0.7331
56777   0.8155
56778   0.6850
56781   0.7831
56782   0.6493
56783   0.5508
56785   0.7767
56786   0.6875
56788   0.7752
56790   0.6757
56792   0.6801
56793   0.6006
56835   0.7281
56836   0.7023
56838   0.7130
56839   0.6597
56840   0.7269
56841   0.6848
56842   0.7465
56843   0.8110
56844   0.7295
56846   0.7498
56849   0.6781
56851   0.7610
56854   0.7596
56856   0.7832
56862   0.6892
56863   0.7402
56867   0.7377
56869   0.7056
56870   0.8442
56871   0.6389
56872   0.5803
56873   0.6430
56875   0.7833
56876   0.7630
56878   0.7152
56879   0.7757
56880   0.7013
56881   0.6656
56882   0.6175
56883   0.5979
56885   0.6325
56886   0.7191
56889   0.5982
56891   0.7352
56898   0.8276
56944   0.7174
56946   0.7125
56948   0.4541
56949   0.6206
56950   0.7383
56951   0.7186
56952   0.6337
56954   0.7187
56958   0.7714
56959   0.6332
56961   0.7981
56962   0.7956
56964   0.5664
56966   0.7090
56969   0.7030
56970   0.7930
56973   0.7163
56975   0.8282
56976   0.7859
56977   0.6694
56978   0.6024
56982   0.7562
56984   0.7325
56985   0.7374
56986   0.6490
56987   0.6808
56989   0.7151
56991   0.5637
56992   0.6765
56994   0.6782
56995   0.6781
56996   0.7700
57001   0.7969
57002   0.7962
57003   0.8152
57004   0.7768
57006   0.7589
57007   0.8952
57008   0.8521
57011   0.8774
57012   0.8401
57014   0.7782
57016   0.7631
57020   0.6989
57021   0.8748
57022   0.8693
57023   0.8267
57024   0.7764
57025   0.6252
57026   0.7447
57027   0.7318
57028   0.9168
57029   0.7613
57030   0.6144
57031   0.8011
57032   0.7480
57033   0.7487
57034   0.7042
57035   0.7028
57036      nan
57037   0.7262
57038   0.7455
57039   0.8258
57040   0.7799
57041   0.6368
57042   0.7866
57043   0.7627
57044   0.7749
57045   0.5633
57046   0.8233
57047   0.8495
57048   0.7677
57049   0.8109
57051   0.5230
57052   0.7664
57053   0.7803
57054   0.5637
57055   0.8281
57056   0.5983
57057   0.8308
57060   0.8450
57061   0.7377
57063   0.6713
57065   0.7048
57066   0.7303
57067   0.8012
57070   0.5780
57071   0.5332
57072   0.6738
57074   0.7903
57075   0.6846
57076   0.5312
57077   0.7904
57078   0.7342
57079   0.5629
57080   0.5298
57081   0.6117
57082   0.6478
57083   0.7101
57084   0.7939
57085   0.7156
57086   0.6735
57087   0.6644
57088   0.7230
57089   0.7008
57090   0.5817
57091   0.3215
57093   0.4016
57094   0.5417
57095   0.6947
57096   0.5275
57098   0.6434
57099   0.5428
57102   0.7779
57105   0.8583
57106   0.7506
57110   0.7710
57111   0.7968
57113   0.8498
57119   0.6357
57123   0.7086
57124   0.8470
57126   0.7656
57127   0.5724
57128   0.6847
57129   0.7850
57131   0.5413
57132   0.7590
57134   0.7610
57137   0.8553
57140   0.8864
57143   0.8068
57144   0.8052
57153   0.8443
57154   0.8409
57155   0.8334
57156   0.7114
57162   0.7085
57169   0.7676
57173   0.8175
57175   0.7092
57176   0.8403
57177   0.7300
57178   0.7578
57179   0.7999
57180   0.6618
57181   0.7818
57182   0.7443
57183   0.7771
57184   0.7792
57185   0.7696
57186   0.6671
57187   0.8074
57188   0.6695
57189   0.7583
57190   0.6448
57191   0.5237
57192   0.6702
57193   0.5936
57194   0.6246
57195   0.5039
57196   0.6889
57197   0.7380
57198   0.6614
57204   0.7194
57206   0.7491
57208   0.6577
57211   0.7538
57213   0.6516
57216   0.7146
57217   0.7509
57231   0.6678
57232   0.7064
57233   0.6425
57237   0.7655
57238   0.7919
57242   0.8154
57245   0.7193
57247   0.8048
57248   0.8081
57249   0.8847
57251   0.8224
57253   0.7819
57254   0.8152
57256   0.7191
57257   0.7308
57259   0.8681
57260   0.6606
57261   0.7975
57265   0.7268
57268   0.6871
57271   0.7562
57273   0.7549
57274   0.7882
57278   0.5245
57279   0.6598
57281   0.7823
57285   0.8109
57290   0.7460
57292   0.6902
57293   0.6525
57294   0.7345
57295   0.6880
57296   0.7014
57297   0.7409
57298   0.6545
57299   0.7296
57303   0.6437
57304   0.7091
57306   0.5812
57307   0.5672
57308   0.6628
57309   0.6662
57313   0.6278
57314   0.5015
57315   0.5181
57317   0.5773
57318   0.5828
57320   0.7638
57324   0.6427
57326   0.6871
57328   0.6153
57329   0.7604
57333   0.7806
57338   0.7096
57339   0.6436
57343   0.8578
57345   0.7873
57348   0.7475
57349   0.7459
57355   0.7614
57358   0.6703
57359   0.7889
57361   0.8180
57362   0.8269
57363   0.8056
57368   0.7522
57370   0.7081
57377   0.5916
57378   0.5836
57381   0.8172
57385   0.8155
57386   0.7281
57387   0.7424
57388   0.6474
57389   0.6209
57390   0.7891
57395   0.8033
57396   0.7424
57398   0.6984
57399   0.7402
57401   0.6646
57402   0.5582
57405   0.5682
57407   0.4859
57408   0.5748
57409   0.5958
57411   0.5227
57413   0.6529
57414   0.5530
57415   0.6200
57416   0.5760
57417   0.5171
57420   0.5977
57425   0.6844
57426   0.7269
57431   0.6992
57432   0.6233
57437   0.6275
57438   0.7938
57439   0.8209
57445   0.7763
57447   0.6861
57453   0.6441
57458   0.8066
57460   0.7210
57461   0.5854
57462   0.7455
57464   0.7605
57465   0.6689
57466   0.6706
57469   0.6757
57475   0.6146
57476   0.5938
57477   0.4901
57481   0.6930
57482   0.6504
57483   0.5963
57485   0.5645
57486   0.5621
57489   0.5650
57491   0.6772
57492   0.7526
57493   0.5042
57494   0.7260
57495   0.7639
57496   0.6097
57498   0.5990
57499   0.7307
57502   0.6173
57503   0.6684
57505   0.6267
57506   0.6025
57507   0.5776
57508   0.6155
57509   0.7252
57510   0.6170
57511   0.6916
57512   0.6311
57513   0.5510
57514   0.6299
57516   0.5519
57517   0.5865
57518   0.5272
57519   0.7365
57520   0.5112
57522   0.5929
57523   0.7300
57525   0.7235
57536   0.6748
57537   0.6231
57540   0.7211
57541   0.6884
57543   0.8229
57544   0.7831
57545   0.7698
57554   0.7875
57558   0.8238
57562   0.6757
57564   0.7500
57565   0.6294
57566   0.6080
57571   0.5521
57573   0.4850
57574   0.4391
57575   0.4797
57577   0.4530
57581   0.5593
57582   0.6467
57583   0.5522
57584   0.5739
57585   0.6413
57586   0.7434
57589   0.7827
57590   0.6398
57595   0.8305
57596   0.8176
57598   0.7671
57600   0.4856
57603   0.6450
57604   0.5662
57605   0.7657
57606   0.7171
57608   0.7308
57609   0.6793
57612   0.6883
57614   0.6701
57623   0.7454
57625   0.7040
57633   0.6692
57634   0.6646
57635   0.6246
57636   0.6782
57637   0.6408
57640   0.7307
57642   0.6900
57643   0.8218
57646   0.7749
57647   0.7933
57649   0.7519
57655   0.7048
57657   0.6728
57658   0.6954
57661   0.7136
57662   0.5699
57663   0.5228
57666   0.6035
57669   0.7771
57671   0.4029
57673   0.5560
57674   0.5259
57678   0.4934
57679   0.4993
57680   0.5486
57682   0.7488
57687   0.4421
57688   0.6952
57694   0.8322
57696   0.7409
57698   0.7090
57699   0.6349
57707   0.6754
57708   0.6219
57710   0.6928
57712   0.6460
57713   0.6970
57714   0.6833
57717   0.6091
57718   0.6805
57719   0.5499
57720   0.6789
57722   0.7438
57723   0.7078
57728   0.6840
57729   0.7510
57731   0.6386
57732   0.7534
57734   0.7308
57735   0.7417
57736   0.7675
57737   0.7539
57738   0.7288
57739   0.7581
57740   0.7126
57741   0.7179
57742   0.6400
57743   0.7524
57744   0.7879
57745   0.7224
57749   0.6923
57752   0.7547
57754   0.7421
57758   0.7463
57760   0.7002
57761   0.7374
57762   0.6909
57763   0.6030
57766   0.6503
57767   0.7198
57768   0.7217
57769   0.7155
57771   0.6291
57772   0.6619
57773   0.5427
57774   0.6768
57776   0.8291
57777   0.5252
57778   0.6442
57779   0.6982
57780   0.4181
57781   0.5668
57783   0.6541
57786   0.5995
57789   0.7239
57792   0.6782
57793   0.6406
57794   0.6443
57796   0.6325
57798   0.7586
57799   0.6057
57800   0.7984
57803   0.6689
57805   0.5782
57806   0.6528
57807   0.6050
57808   0.7112
57809   0.7042
57811   0.6407
57813   0.6200
57814   0.6253
57816   0.6490
57818   0.6444
57821   0.7579
57822   0.6749
57824   0.7850
57825   0.7288
57827   0.7357
57828   0.7222
57829   0.7285
57832   0.7414
57834   0.7415
57835   0.7692
57837   0.8240
57839   0.7505
57840   0.7267
57841   0.7133
57842   0.7058
57844   0.7467
57845   0.7549
57846   0.7979
57851   0.8366
57853   0.6828
57857   0.8081
57859   0.8710
57860   0.7141
57865   0.6232
57866   0.6338
57867   0.7404
57868   0.5898
57870   0.5573
57871   0.5760
57872   0.5484
57874   0.5993
57875   0.5004
57876   0.5451
57881   0.5790
57882   0.6151
57883   0.6601
57886   0.8458
57887   0.6471
57889   0.8586
57891   0.7207
57894   0.5859
57895   0.6303
57896   0.7218
57899   0.6611
57900   0.6336
57902   0.7263
57903   0.6859
57905   0.6734
57906   0.7270
57907   0.6614
57908   0.6970
57909   0.7436
57910   0.6812
57911   0.5821
57912   0.7587
57913   0.7907
57914   0.6627
57915   0.6994
57916   0.7382
57921   0.8293
57922   0.6859
57923   0.7568
57926   0.8151
57927   0.7265
57932   0.7476
57936   0.7416
57941   0.7319
57942   0.7775
57947   0.7866
57948   0.7203
57949   0.7386
57954   0.6979
57955   0.7298
57956   0.7266
57957   0.6961
57958   0.7410
57960   0.6873
57962   0.7190
57964   0.8206
57965   0.6744
57966   0.6593
57969   0.7434
57971   0.7393
57972   0.5652
57973   0.5664
57974   0.7100
57975   0.7535
57976   0.7016
57978   0.7903
57981   0.7081
57985   0.7263
57988   0.6954
57989   0.6797
57990   0.8043
57991   0.7420
57992   0.6987
57993   0.7136
57994   0.7734
57995   0.7098
57996   0.6982
58001   0.6713
58002   0.5719
58003   0.4618
58004   0.6067
58005   0.6734
58006   0.6211
58007   0.6443
58008   0.6570
58011   0.5505
58012   0.7110
58013   0.6425
58015   0.6059
58016   0.6574
58017   0.6749
58020   0.6535
58021   0.5691
58022   0.6977
58024   0.7507
58025   0.7788
58026   0.7153
58027   0.6755
58030   0.7348
58032   0.6227
58034   0.6531
58035   0.6812
58036   0.6639
58038   0.5459
58040   0.7402
58041   0.6740
58044   0.6401
58045   0.6109
58047   0.5920
58048   0.5517
58049   0.6539
58100   0.6040
58101   0.6190
58102   0.5915
58104   0.6258
58107   0.6222
58108   0.6644
58109   0.6897
58111   0.6795
58112   0.7575
58113   0.6814
58114   0.6194
58116   0.6568
58117   0.6440
58118   0.6398
58122   0.7341
58125   0.6563
58126   0.6494
58127   0.6321
58128   0.6705
58129   0.7112
58130   0.6329
58131   0.6188
58132   0.6063
58135   0.7194
58138   0.6715
58139   0.6932
58140   0.5217
58141   0.6279
58143   0.5617
58145   0.6266
58146   0.5782
58147   0.6991
58148   0.6484
58150   0.6458
58154   0.6392
58158   0.6315
58202   0.6617
58203   0.6726
58205   0.6400
58207   0.6751
58208   0.6499
58210   0.6473
58212   0.6170
58214   0.5777
58215   0.7396
58220   0.6569
58221   0.7170
58222   0.7665
58223   0.6382
58224   0.6549
58225   0.7177
58230   0.6775
58234   0.7281
58235   0.6847
58236   0.7645
58237   0.6419
58238   0.6157
58240   0.6222
58241   0.5914
58242   0.7434
58243   0.6341
58244   0.6735
58245   0.6912
58246   0.5792
58247   0.6346
58249   0.5528
58250   0.4915
58251   0.5830
58252   0.7401
58254   0.6056
58255   0.5630
58257   0.5696
58259   0.6258
58264   0.6640
58265   0.6677
58268   0.6470
58269   0.6067
58301   0.7114
58306   0.7108
58311   0.6096
58314   0.7959
58316   0.7032
58317   0.8515
58319   0.7128
58320   0.8238
58321   0.7691
58323   0.6334
58326   0.7109
58327   0.6143
58329   0.7417
58330   0.7762
58331   0.6027
58334   0.6462
58335   0.6280
58336   0.6260
58337   0.7086
58338   0.6707
58339   0.6581
58340   0.7499
58341   0.5375
58342   0.6100
58343   0.5877
58344   0.6961
58345   0.7061
58346   0.8168
58349   0.5313
58351   0.5993
58352   0.5715
58353   0.5699
58354   0.6361
58356   0.5445
58358   0.4814
58359   0.5913
58360   0.6458
58361   0.5716
58362   0.6321
58365   0.5183
58366   0.6894
58367   0.3711
58369   0.6339
58370   0.5947
58377   0.6109
58401   0.7493
58402   0.8072
58404   0.6524
58407   0.6594
58408   0.7009
58409   0.6770
58414   0.5827
58415   0.6730
58416   0.6294
58417   0.5741
58418   0.5725
58419   0.7019
58420   0.6382
58421   0.7514
58423   0.7984
58424   0.6698
58426   0.8673
58427   0.7555
58428   0.8181
58429   0.6964
58431   0.7648
58432   0.7676
58433   0.7602
58435   0.8108
58436   0.7892
58437   0.8968
58438   0.7978
58441   0.7810
58442   0.7174
58443   0.6925
58446   0.7993
58448   0.7704
58449   0.7050
58450   0.7091
58451   0.6453
58452   0.6194
58453   0.5929
58454   0.6049
58455   0.7341
58456   0.6320
58457   0.6301
58458   0.6780
58459   0.6140
58460   0.7451
58461   0.6554
58462   0.5523
58463   0.6005
58464   0.6983
58467   0.6640
58468   0.6369
58472   0.6664
58477   0.7284
58484   0.7514
58500   0.6627
58501   0.5948
58502   0.5534
58503   0.6706
58505   0.6382
58506   0.8649
58507   0.7600
58508   0.6049
58509   0.5783
58510   0.5349
58512   0.6140
58514   0.7091
58517   0.5597
58519   0.6141
58520   0.8257
58523   0.8478
58524   0.7063
58527   0.6572
58529   0.7624
58530   0.7716
58531   0.7627
58534   0.7915
58537   0.8365
58542   0.8094
58543   0.7151
58544   0.7730
58546   0.7316
58547   0.7595
58548   0.7389
58549   0.7216
58550   0.7191
58553   0.6510
58555   0.7177
58556   0.7406
58557   0.7263
58558   0.6869
58559   0.7934
58560   0.7471
58561   0.7148
58562   0.6300
58563   0.8124
58565   0.7025
58566   0.7261
58567   0.7004
58568   0.7648
58569   0.7168
58570   0.7842
58600   0.6955
58601   0.7421
58602   0.7576
58605   0.7086
58606   0.6196
58607   0.5463
58608   0.6360
58609   0.6373
58612   0.6114
58614   0.5695
58615   0.7316
58616   0.6976
58618   0.6505
58619   0.6442
58620   0.7389
58622   0.7411
58623   0.7139
58624   0.7158
58625   0.7227
58626   0.7456
58627   0.6503
58629   0.7235
58631   0.7920
58632   0.7569
58633   0.7661
58634   0.7527
58635   0.6868
58637   0.6992
58642   0.7740
58643   0.7561
58644   0.8283
58646   0.7690
58647   0.8383
58652   0.8011
58654   0.7532
58656   0.6601
58657   0.7848
58658   0.7333
58659   0.6116
58660   0.7741
58664   0.7135
58665   0.6412
58666   0.6260
58667   0.7411
58693   0.7280
58701   0.6843
58704   0.6875
58705   0.7231
58706   0.7050
58707   0.6884
58710   0.7613
58712   0.6701
58713   0.8180
58714   0.7554
58715   0.6215
58718   0.7398
58719   0.6955
58724   0.8381
58725   0.7219
58730   0.7583
58731   0.7373
58734   0.6758
58735   0.7186
58736   0.7275
58737   0.7348
58742   0.7965
58744   0.6726
58745   0.8334
58746   0.7695
58747   0.5570
58748   0.7074
58749   0.6476
58750   0.7942
58751   0.5925
58752   0.6831
58754   0.7642
58760   0.6185
58804   0.7803
58806   0.6415
58813   0.7680
58814   0.7625
58818   0.7557
58819   0.7601
58820   0.7297
58821   0.6761
58822   0.7977
58823   0.6820
58824   0.7426
58826   0.7300
58828   0.6891
58834   0.6965
58836   0.7426
58837   0.7650
58839   0.7488
58843   0.6660
58844   0.6675
58845   0.7549
58846   0.6746
58847   0.6074
58848   0.6662
58850   0.5303
58903   0.6641
58905   0.7111
58906   0.7758
58907   0.7616
58911   0.7605
58912   0.7250
58917   0.6529
58918   0.6962
58921   0.7640
58923   0.7744
58926   0.6937
58927   0.7119
58928   0.7592
58929   0.7116
58931   0.8537
58932   0.7812
58933   0.6833
58934   0.7484
58935   0.6540
58936   0.7040
58938   0.4869
58940   0.6017
58941   0.4920
58942   0.5289
58944   0.7650
58946   0.5310
59001   0.6275
59004   0.6511
59007   0.6485
59012   0.6722
59015   0.8188
59017   0.7781
59021   0.8019
59022   0.7061
59023   0.6933
59025   0.7217
59027   0.7534
59031   0.7110
59033   0.7234
59034   0.7075
59037   0.7028
59038   0.7916
59041   0.6665
59044   0.6021
59045   0.6907
59046   0.6035
59047   0.6325
59051   0.6436
59052   0.7397
59053   0.7297
59055   0.7009
59057   0.8175
59058   0.7595
59059   0.6999
59061   0.7592
59063   0.6453
59064   0.7394
59065   0.7011
59071   0.7074
59072   0.7774
59074   0.8270
59075   0.7721
59081   0.7004
59082   0.7004
59087   0.6922
59088   0.6319
59090   0.6882
59091   0.8120
59092   0.7661
59093   0.6554
59094   0.6878
59096   0.7816
59097   0.7652
59099   0.7666
59102   0.7636
59106   0.7306
59107   0.6620
59109   0.6610
59113   0.6224
59114   0.6098
59116   0.6971
59117   0.6336
59122   0.6307
59124   0.6715
59125   0.7501
59126   0.6011
59127   0.6716
59129   0.7665
59130   0.7651
59131   0.6382
59133   0.6216
59134   0.6088
59137   0.5266
59205   0.7865
59209   0.7389
59211   0.7162
59213   0.6928
59215   0.7358
59218   0.7643
59224   0.6740
59227   0.7487
59228   0.6965
59229   0.6875
59230   0.7045
59235   0.7578
59237   0.6839
59238   0.6179
59241   0.7404
59242   0.7047
59246   0.6778
59249   0.6517
59254   0.6056
59255   0.6122
59256   0.5649
59264   0.6368
59265   0.6102
59266   0.6822
59268   0.6694
59269   0.6588
59270   0.6894
59271   0.6964
59276   0.6475
59278   0.6522
59279   0.4823
59280   0.6042
59284   0.4983
59285   0.6227
59287   0.6239
59288   0.4155
59289   0.4736
59290   0.7406
59293   0.6714
59294   0.6655
59297   0.5806
59298   0.5700
59303   0.6592
59304   0.5836
59306   0.6745
59310   0.7412
59312   0.6701
59313   0.7409
59314   0.6231
59315   0.6526
59316   0.6347
59317   0.6119
59318   0.6608
59319   0.6702
59320   0.7884
59321   0.6271
59322   0.7837
59324   0.7388
59417   0.7320
59419   0.6112
59421   0.7808
59425   0.6668
59426   0.6199
59427   0.7210
59429   0.7033
59431   0.6522
59432      nan
59435   0.6369
59441   0.6488
59446   0.7241
59448   0.7139
59449   0.7144
59451   0.7196
59452   0.6405
59453   0.6876
59454   0.6622
59456   0.6375
59457   0.6975
59462   0.6915
59469   0.6348
59470   0.6955
59471   0.6147
59473   0.5716
59475   0.6694
59476   0.5478
59477   0.6706
59478   0.6056
59480   0.4203
59481   0.4847
59485   0.5211
59487   0.5776
59488   0.6411
59492   0.6333
59493   0.4507
59500   0.7127
59501   0.6575
59502   0.6663
59626   0.7586
59631   0.7076
59632   0.6772
59635   0.7305
59640   0.6475
59644   0.7491
59647   0.6314
59650   0.6454
59653   0.6753
59654   0.6135
59655   0.6115
59656   0.6540
59658   0.6187
59659   0.6966
59663   0.6111
59664   0.6312
59673   0.6545
59750   0.6118
59754   0.7136
59757   0.6820
59758   0.6563
59838   0.6408
59842   0.8016
59843   0.7884
59845   0.7196
59847   0.7190
59848   0.7763
59849   0.7460
59851   0.7277
59854   0.7468
59855   0.6507
59856   0.7609
59940   0.7683
59941   0.7772
59945   0.8402
59948   0.5713
59951   0.6307
59954   0.7576
59981   0.6585
